98
98
13
98
14
9
98
36
98
3
8
10
3
6
3
3
9
5
3
11
3
6
8
8
7
5
16
40
98
6
6
5
8
19
6
15
29
4
11
6
6
4
11
1
14
2
3
8
2
6
13
9
98
5
6
4
2
98
5
98
6
6
98
7
3
4
6
1
7
42
26
2
7
1
11
6
2
6
8
8
0
6
2
98
2
2
20
10
6
98
1
1
10
2
7
5
7
98
8
2
4
5
6
14
7
6
6
7
2
1
98
6
2
6
2
1
12
98
4
4
19
2
3
98
2
98
98
5
9
11
1
4
2
98
98
14
10
4
9
39
1
37
34
3
98
65
1
8
9
16
2
52
13
17
22
9
37
9
2
4
5
9
10
13
19
9
25
98
3
3
24
1
98
20
9
4
2
2
98
6
0
4
9
1
1
4
2
4
3
32
1
59
10
2
54
4
17
5
7
3
8
1
2
1
1
5
1
1
4
3
2
98
2
6
2
2
5
9
6
9
1
2
8
8
1
15
4
9
7
3
49
4
6
5
12
3
11
1
6
36
1
1
7
4
9
3
25
3
14
5
5
4
1
4
2
1
9
5
49
9
2
1
0
5
1
18
5
15
1
6
3
98
3
1
2
5
6
4
98
9
1
15
1
5
3
6
8
0
12
5
1
7
5
5
14
3
6
1
98
4
3
24
3
98
13
19
13
5
98
5
8
1
25
98
98
27
1
7
14
2
1
1
6
47
16
12
2
5
6
5
1
9
1
4
1
1
98
1
27
1
2
1
81
6
1
7
5
1
12
7
18
30
98
4
3
15
29
3
21
5
1
4
4
3
4
2
2
4
0
5
8
7
5
1
3
33
18
2
2
4
1
4
1
1
21
1
11
64
12
4
98
2
8
4
19
17
98
12
1
14
1
4
2
6
98
13
98
5
98
5
4
1
1
3
4
1
9
3
98
98
2
5
12
24
1
5
1
2
10
8
12
5
98
7
3
11
83
1
3
3
1
1
21
2
3
3
5
22
17
32
5
1
7
98
4
2
2
1
11
1
1
98
7
98
98
2
4
2
9
4
9
9
3
98
1
6
1
1
7
0
1
3
61
8
2
19
8
1
2
1
46
2
10
6
5
3
2
5
14
1
10
17
27
21
1
1
13
11
6
1
16
1
10
12
3
18
5
46
5
3
2
1
2
98
2
2
8
1
5
7
7
4
9
4
8
7
23
36
6
5
1
1
11
1
20
10
12
5
1
1
1
98
1
1
2
98
98
12
5
4
7
8
8
1
35
6
9
1
4
53
12
98
1
4
6
1
8
27
6
4
3
98
1
1
25
2
5
33
1
22
5
5
7
16
2
14
12
12
98
98
12
2
6
3
6
1
1
0
1
7
0
5
3
3
8
98
3
64
18
3
2
16
7
14
2
67
0
12
3
78
98
11
0
15
10
11
6
2
5
2
6
6
3
1
3
98
1
8
3
10
13
98
9
4
1
3
0
1
6
7
5
2
4
7
10
98
4
15
13
11
10
6
9
3
98
9
4
1
25
1
92
3
4
1
3
7
1
5
1
6
5
1
1
6
4
15
12
2
2
3
4
9
6
1
4
3
98
9
1
8
21
4
1
18
1
2
7
14
1
3
4
0
12
6
98
1
4
14
16
2
4
16
8
14
2
16
98
23
5
3
13
3
3
2
1
7
3
13
3
1
1
1
20
5
8
6
1
6
1
4
11
6
3
1
1
20
8
1
41
17
3
1
15
1
4
11
6
5
5
6
0
8
1
3
6
6
2
3
2
9
7
9
2
4
29
1
4
2
5
8
7
98
4
1
3
9
18
6
7
1
12
6
1
1
7
5
5
5
4
4
18
98
98
8
6
8
8
1
9
8
10
8
3
7
98
19
98
2
11
3
3
8
24
4
8
5
7
27
12
29
8
1
7
7
15
6
1
6
2
0
10
8
33
3
6
14
44
1
2
21
98
8
2
1
1
98
10
98
5
2
1
