0
20
22
6
98
98
59
98
3
4
19
5
2
8
98
6
14
98
98
9
42
11
2
30
4
3
7
9
2
9
10
12
27
27
1
98
8
7
98
4
14
98
8
21
8
11
6
60
1
10
9
8
8
3
18
17
16
6
5
6
2
6
98
39
5
4
12
11
1
39
9
17
2
12
19
7
17
23
19
5
2
19
2
18
10
2
18
51
16
2
8
13
98
46
1
98
6
98
9
2
2
1
21
12
5
14
98
3
2
98
7
6
17
52
14
2
2
2
22
98
9
2
3
28
98
11
49
2
34
28
3
26
5
13
17
58
2
3
1
15
2
7
98
6
40
23
5
6
30
98
40
10
6
98
98
6
2
3
12
24
11
13
98
2
98
9
26
15
3
21
10
97
10
42
2
8
26
34
32
98
29
32
9
64
13
27
32
55
12
18
32
20
11
11
15
1
13
11
18
21
98
12
18
10
40
98
5
46
51
61
98
6
19
9
98
24
98
18
20
17
8
10
98
19
18
9
11
10
9
17
8
19
20
11
8
63
48
18
1
2
14
98
4
98
98
36
15
15
18
10
18
19
29
58
36
5
98
15
15
16
98
8
10
18
12
15
12
38
51
9
21
37
98
98
5
12
13
32
14
56
2
25
7
29
11
98
98
98
56
27
98
16
25
15
15
48
11
2
5
32
98
14
18
34
98
40
18
11
40
7
6
29
2
14
9
9
98
2
32
58
12
12
88
8
98
2
98
9
6
23
7
2
11
69
4
98
25
11
38
10
4
11
11
24
13
74
98
24
15
98
11
10
32
29
30
43
27
20
41
81
15
23
20
12
14
10
44
4
98
22
7
58
26
64
15
98
13
26
45
98
24
69
48
50
17
11
3
