13
25
3
4
7
98
0
6
1
18
1
98
17
8
98
5
8
3
6
7
8
9
5
6
46
32
13
29
17
13
5
12
17
8
14
18
2
12
7
3
32
25
18
16
71
5
15
17
9
9
8
3
4
40
8
3
24
98
14
8
25
98
33
8
98
29
17
14
35
1
8
8
98
8
14
12
19
13
10
32
13
10
24
45
21
9
10
13
2
9
7
6
16
30
47
8
11
23
16
14
0
17
9
8
7
3
8
14
8
12
11
15
8
10
2
98
50
9
26
32
3
25
3
8
8
5
9
5
6
8
5
11
27
6
3
8
14
5
51
14
44
7
4
2
7
4
12
8
5
5
13
5
23
10
4
9
12
5
28
14
3
9
7
36
3
15
8
9
5
8
24
9
35
5
4
9
17
9
8
28
5
5
7
98
2
8
5
12
6
54
10
19
5
4
4
50
21
98
4
9
11
9
22
14
17
6
16
44
17
12
30
9
9
6
98
98
10
14
4
1
5
7
2
8
5
7
72
23
2
27
9
11
7
27
12
36
18
6
16
8
15
2
6
24
7
8
7
8
10
25
4
5
10
3
98
4
8
7
7
5
9
9
23
2
9
10
22
13
6
25
10
14
8
12
2
9
47
5
18
16
15
9
5
14
34
12
17
7
22
14
5
7
8
10
3
4
10
13
20
56
40
28
3
14
18
8
9
9
6
25
18
67
10
25
6
5
9
9
6
2
98
8
35
33
8
8
9
54
6
5
5
14
3
5
2
11
20
15
33
11
8
9
5
9
6
14
29
2
13
11
4
11
6
18
26
18
33
8
98
15
21
9
31
16
98
9
4
7
9
15
3
26
8
9
24
11
2
18
10
17
13
12
10
98
2
15
4
98
8
10
11
9
9
8
32
7
7
11
7
98
12
6
2
4
5
4
6
32
4
3
29
90
5
7
1
8
5
16
6
4
54
7
6
6
12
98
9
25
8
8
3
57
9
12
10
98
6
2
2
8
6
98
11
32
6
16
13
10
27
13
12
8
14
15
3
4
11
12
6
6
29
6
6
28
98
2
9
19
5
9
14
7
19
13
23
2
8
4
15
6
16
21
21
18
6
10
8
3
39
6
16
7
8
7
98
2
8
9
4
47
18
23
15
23
98
5
6
67
7
13
12
17
10
3
55
17
59
9
6
3
2
21
4
6
2
34
2
22
39
7
14
16
2
3
11
7
39
2
1
7
36
11
33
48
21
38
12
66
41
9
44
11
4
3
19
7
39
6
19
8
9
8
8
3
27
7
9
5
5
12
10
71
8
12
7
25
11
4
12
6
32
7
6
22
14
7
14
10
2
11
21
14
6
9
32
26
98
7
7
5
48
25
20
8
6
98
98
21
85
12
37
11
98
7
1
24
51
6
18
10
20
57
23
41
18
5
10
12
54
30
19
16
17
17
0
23
2
3
98
8
5
15
24
7
5
7
19
22
5
98
5
45
5
2
4
3
16
30
11
27
75
43
7
33
3
5
17
9
8
22
14
31
10
10
7
5
10
8
5
6
23
11
14
8
6
5
7
10
10
30
17
7
7
7
37
6
98
11
8
15
9
8
2
37
14
2
2
18
33
10
4
14
98
3
45
11
54
28
9
33
27
11
20
4
12
87
10
98
8
13
8
13
8
22
9
98
2
98
7
98
3
47
12
5
13
34
11
98
13
4
53
52
11
6
24
88
51
8
12
50
3
98
11
46
98
8
18
27
98
5
98
4
6
15
31
13
5
10
98
2
4
10
8
7
9
98
10
17
7
31
3
7
14
9
10
32
2
98
10
18
5
6
11
5
7
85
37
13
21
26
6
28
8
8
98
16
18
10
12
27
10
6
10
12
15
14
42
16
10
5
12
8
8
3
98
11
10
98
20
9
10
20
29
98
9
46
12
10
32
7
48
9
5
10
2
22
15
7
8
28
2
2
21
7
23
21
9
30
8
12
54
11
13
10
26
18
9
98
9
11
10
5
98
33
16
1
44
21
8
45
14
44
9
12
4
6
15
98
2
5
11
13
14
12
15
17
6
5
12
16
7
98
17
4
7
15
10
18
49
4
11
7
10
17
8
98
17
98
16
9
8
95
6
4
13
6
3
15
14
10
3
4
2
25
13
34
10
17
5
2
11
2
5
5
7
21
9
17
17
42
29
19
20
25
14
28
5
9
5
12
13
10
2
98
2
22
98
14
3
9
3
6
7
6
13
3
36
17
6
37
9
2
7
6
30
91
4
98
2
20
10
34
98
22
19
10
37
7
7
30
2
4
32
14
24
17
9
9
2
17
26
0
6
8
29
35
5
3
50
51
14
9
5
12
3
9
21
4
7
18
5
19
5
98
10
11
7
5
6
11
9
9
33
7
9
73
5
3
7
6
35
98
14
67
14
8
14
5
2
4
13
13
6
12
14
19
10
28
9
15
4
15
98
2
8
4
23
9
88
59
8
4
44
51
3
98
14
73
16
11
15
9
51
50
41
3
9
9
6
5
21
7
15
2
98
7
14
16
35
6
4
11
5
22
22
8
4
6
3
7
8
5
2
7
8
98
73
11
13
13
8
9
98
51
8
6
10
17
29
7
32
16
8
5
10
8
7
16
15
41
16
13
1
52
12
15
4
10
29
15
5
8
24
23
12
19
2
5
9
4
9
10
11
5
8
56
14
23
6
35
6
21
32
10
92
7
9
10
72
5
16
10
7
14
13
7
0
19
9
42
6
3
98
17
4
3
34
10
13
39
98
9
8
16
24
3
13
4
11
15
98
16
8
84
95
10
4
9
23
14
23
2
9
18
11
11
7
41
7
2
10
12
5
98
10
11
17
7
8
3
38
57
15
19
4
44
15
2
5
2
98
5
15
50
10
70
41
36
27
38
53
18
10
2
27
15
27
37
21
9
21
8
37
23
9
9
20
37
6
4
98
6
17
10
8
2
56
98
7
6
2
4
7
98
10
14
27
24
7
18
9
7
72
10
98
4
47
13
35
98
15
33
7
9
3
59
16
7
98
4
5
15
19
4
4
10
9
5
24
4
5
2
5
4
7
10
4
5
5
17
13
4
3
39
6
20
9
14
8
3
7
2
2
38
14
8
13
19
8
14
7
10
11
9
20
34
10
5
8
20
10
15
6
6
7
5
46
8
5
9
25
6
2
98
12
98
6
6
8
24
62
11
98
27
5
9
11
7
6
98
17
3
14
13
77
6
4
7
98
3
10
7
15
11
4
6
9
5
98
2
33
9
15
67
5
18
98
2
98
4
6
7
6
9
7
5
10
56
23
7
8
1
18
7
10
18
11
7
10
98
70
4
15
2
5
98
18
8
2
6
10
54
27
4
98
3
10
4
24
7
24
5
7
4
6
8
2
7
6
6
5
51
10
10
25
68
6
13
21
7
98
0
3
10
7
5
2
41
14
5
3
18
13
7
10
74
18
12
9
11
7
2
12
3
6
11
11
98
13
7
98
98
11
6
8
8
41
27
12
7
31
16
3
2
4
98
8
8
3
86
10
21
2
15
38
18
12
27
11
2
14
14
43
2
17
17
13
16
98
71
7
12
10
8
16
7
28
17
8
50
19
16
13
40
28
4
5
4
79
13
15
6
24
2
5
98
7
6
5
15
5
98
10
7
15
8
23
98
26
75
25
6
13
13
45
3
2
12
16
7
32
20
1
11
14
11
7
10
15
7
47
4
3
98
14
5
16
10
10
17
4
5
98
23
4
6
9
19
6
4
7
13
15
11
29
29
3
9
10
13
10
13
8
6
13
20
8
6
28
3
26
6
2
19
30
4
4
17
60
7
2
7
35
4
4
11
10
18
6
19
24
7
26
10
9
11
18
11
16
10
8
16
4
25
5
98
6
7
33
23
15
8
3
28
51
8
16
5
15
19
5
13
4
8
7
13
98
17
98
10
66
43
9
12
29
16
6
21
3
9
32
10
11
21
5
15
40
9
16
4
6
19
5
70
8
6
5
2
36
8
6
90
19
11
6
6
10
4
9
6
3
17
6
24
10
4
2
21
18
7
93
5
12
67
7
15
46
2
5
1
8
78
10
3
10
98
5
6
18
8
15
4
3
14
9
84
10
14
12
98
23
26
41
10
5
26
15
12
6
22
17
37
4
4
8
6
98
20
28
16
9
9
6
3
57
90
6
58
5
14
8
98
34
14
1
7
7
16
12
14
27
5
7
61
34
6
8
7
18
8
29
9
57
6
10
4
98
9
10
2
5
54
5
69
1
13
5
8
14
12
16
25
2
18
16
9
18
8
10
6
13
5
98
9
20
42
2
4
40
20
98
3
14
27
9
6
9
11
3
45
8
3
18
14
5
6
4
4
6
9
98
10
22
3
98
16
74
22
50
6
5
1
15
12
21
11
10
5
23
8
11
7
8
3
8
3
30
8
58
0
82
5
9
6
38
61
15
1
28
3
10
7
8
98
30
3
6
11
32
9
8
6
7
7
15
32
7
9
7
11
7
16
9
20
11
47
91
31
16
98
5
2
14
1
8
7
5
5
30
98
5
98
12
13
6
4
12
13
9
3
23
7
3
7
45
2
6
11
48
16
15
9
4
14
18
98
11
14
8
98
4
16
18
12
98
8
14
98
7
7
3
6
16
6
11
8
14
9
12
7
25
8
11
23
37
9
9
16
11
7
4
15
11
3
9
5
13
8
9
5
11
7
10
2
15
56
15
3
37
13
2
56
8
8
9
10
5
7
19
11
7
13
50
12
9
6
13
10
21
2
1
14
13
2
98
25
9
98
9
7
41
9
10
98
10
10
12
8
6
6
3
34
9
9
14
65
1
10
14
13
35
98
15
11
4
7
9
31
8
13
12
20
58
10
5
25
68
17
57
8
4
5
28
12
10
30
6
6
18
14
8
6
5
9
37
10
3
32
14
6
22
4
68
14
31
12
8
15
3
4
8
17
21
9
2
3
51
34
98
66
27
3
23
7
11
20
22
18
14
86
6
18
22
8
47
29
17
15
13
34
20
18
4
12
66
7
18
13
6
14
5
10
9
6
4
30
13
15
8
37
6
7
38
44
32
5
17
67
7
7
19
9
10
10
6
10
98
4
38
6
26
4
5
6
58
10
9
10
4
29
49
11
7
5
12
7
11
95
11
9
9
9
7
8
98
7
8
10
28
40
7
8
5
5
4
5
20
12
25
13
5
22
19
7
2
22
3
10
10
98
14
10
20
11
37
98
4
98
26
5
7
13
9
4
17
25
15
16
6
28
14
12
7
17
98
6
6
5
11
8
18
11
98
19
13
55
81
11
15
28
19
5
19
27
8
20
32
16
23
11
29
4
18
4
9
6
1
32
13
9
16
22
15
7
9
86
98
98
22
98
7
98
63
13
98
42
13
8
10
52
29
5
13
18
7
10
16
22
12
8
7
98
8
21
51
48
22
6
28
16
48
8
7
7
8
98
4
11
11
15
15
19
8
11
98
12
6
21
45
9
17
5
19
8
20
6
11
20
12
10
13
12
83
7
43
2
16
22
5
60
4
17
14
7
37
5
3
13
10
54
78
85
98
14
16
16
93
13
39
8
47
6
39
98
98
23
6
13
5
15
30
10
7
7
98
4
0
98
20
10
8
13
98
65
11
98
60
8
17
16
11
63
9
12
5
57
6
98
23
13
20
12
17
13
20
8
8
8
26
21
4
12
14
12
25
3
10
10
12
6
12
16
22
7
4
5
14
13
4
10
46
14
15
10
22
7
17
72
9
41
6
86
11
6
98
42
47
14
15
18
8
9
58
10
3
7
57
5
27
11
4
8
4
2
17
98
26
26
12
6
98
39
6
12
9
9
8
98
5
30
14
64
5
16
24
6
10
9
24
21
4
91
98
22
98
42
12
98
10
36
12
98
13
7
9
11
7
6
10
98
4
9
6
22
9
98
2
16
98
22
9
31
5
23
16
11
14
98
43
9
15
2
54
41
24
12
6
5
17
40
13
6
12
98
5
10
8
62
98
11
6
60
2
5
28
9
12
15
16
19
10
37
98
54
11
17
17
2
9
98
7
22
19
3
10
98
98
98
71
16
6
14
26
15
16
48
22
28
16
98
43
36
13
5
7
7
27
15
10
18
9
8
7
73
24
6
33
29
12
11
9
98
22
8
2
10
27
23
18
81
14
13
9
7
23
7
1
5
41
98
6
4
4
15
7
15
28
9
88
3
8
13
98
25
8
7
12
7
12
46
7
9
12
11
6
10
8
28
98
5
6
10
4
8
8
37
2
88
7
18
26
4
14
39
12
18
29
6
1
5
19
16
69
8
7
27
98
12
60
30
18
7
68
47
11
30
98
84
28
22
98
7
13
54
6
13
32
5
9
27
13
15
17
9
1
17
0
6
21
61
98
98
25
24
1
15
19
26
8
11
18
11
3
16
26
14
6
19
9
5
20
5
10
3
3
5
33
21
3
21
12
26
15
4
5
8
5
45
14
17
5
98
6
16
35
5
49
22
3
9
9
22
38
10
19
8
98
11
7
7
38
18
4
6
4
32
4
98
98
37
14
6
3
6
32
16
12
9
98
4
12
9
6
14
9
18
5
19
10
15
12
21
78
12
3
4
9
14
37
5
16
13
12
10
16
9
1
19
45
10
6
8
3
17
15
6
18
23
14
21
16
11
5
15
12
21
98
9
3
8
7
98
8
14
55
33
60
8
11
11
11
2
26
98
13
8
17
24
8
8
9
7
20
43
98
98
16
5
3
12
10
98
8
39
7
6
23
17
3
6
98
3
0
5
36
8
14
9
21
39
5
7
85
19
7
6
43
12
13
21
21
10
13
98
5
2
6
5
7
98
98
20
9
10
7
5
38
6
8
6
6
11
8
3
8
3
98
13
98
8
98
11
16
2
14
5
98
36
37
18
7
8
24
7
2
5
10
9
8
21
98
18
17
5
98
6
15
16
4
14
5
15
33
21
2
98
15
33
13
58
26
13
6
55
18
14
8
13
14
13
74
12
8
3
14
8
17
98
23
10
4
12
6
8
5
4
19
10
24
13
4
13
98
10
48
3
2
46
6
34
52
10
4
7
36
4
21
3
14
8
98
26
7
18
39
9
16
8
5
0
2
7
11
21
42
13
98
98
59
8
17
6
23
48
9
98
11
12
7
5
30
60
2
10
3
10
9
12
12
6
13
98
11
10
3
10
6
6
20
7
2
7
9
10
22
11
5
6
7
16
18
7
7
5
5
98
30
18
8
13
16
3
15
7
13
23
7
4
6
4
7
14
17
13
13
98
42
17
50
1
81
8
6
8
4
14
13
5
30
9
2
29
6
11
10
11
25
10
11
12
8
16
25
22
12
15
61
15
98
4
23
11
3
6
8
9
19
6
16
17
25
16
46
6
12
23
8
64
6
10
15
8
9
14
10
14
21
5
3
8
4
61
20
34
5
3
9
6
9
8
15
9
13
33
30
6
6
3
9
91
5
31
5
5
4
8
12
30
31
7
28
17
20
7
57
24
98
5
48
4
98
56
98
98
16
12
40
18
4
6
9
34
9
8
6
32
44
19
4
3
2
1
36
14
12
32
10
4
98
31
7
98
48
11
18
32
3
98
6
31
13
5
25
4
33
7
9
6
10
7
9
4
3
10
6
50
6
71
11
5
5
5
17
6
7
98
14
6
37
9
4
19
16
27
7
98
6
5
15
29
5
10
3
24
98
10
5
11
3
8
22
8
9
6
3
4
45
32
28
22
30
20
4
6
54
98
5
98
11
20
93
2
13
15
8
9
13
14
28
15
98
29
7
5
14
21
28
5
12
2
20
9
7
17
5
5
98
11
98
6
98
6
98
5
33
14
12
69
11
35
15
8
56
6
4
36
98
12
5
7
6
47
3
14
54
98
12
5
46
4
12
15
9
5
98
4
29
32
10
24
6
7
26
20
7
35
7
20
25
8
17
11
11
5
10
4
6
4
4
28
98
54
7
98
60
43
98
16
13
16
7
7
19
18
6
12
5
21
10
28
98
13
7
2
5
10
19
28
6
98
10
14
2
7
98
80
16
2
12
9
5
27
6
10
84
9
8
12
22
98
6
10
2
6
6
6
5
37
7
37
10
10
10
23
51
98
59
17
15
14
8
9
3
98
8
5
12
5
98
9
55
37
3
7
0
27
47
9
98
11
11
53
3
27
5
10
4
11
11
16
42
2
16
6
8
90
26
81
20
5
65
23
17
20
55
12
9
7
10
4
30
3
13
47
7
78
6
9
14
15
41
10
98
13
5
15
9
98
8
21
5
8
5
10
6
5
12
4
8
13
45
10
98
16
15
70
9
9
5
51
4
6
10
13
68
11
98
11
59
98
5
6
17
22
9
68
11
10
98
15
7
7
60
7
2
19
23
28
17
20
8
23
13
17
4
10
26
11
35
14
11
5
11
