1
12
3
13
9
58
22
2
19
8
21
7
14
5
28
26
14
2
20
77
2
6
18
30
14
20
4
2
98
28
98
9
4
13
39
98
4
0
33
7
98
6
7
22
4
3
7
11
3
28
23
22
5
3
2
8
3
98
11
5
3
2
5
11
14
6
5
33
5
8
29
21
12
85
73
13
52
22
20
71
35
8
24
2
98
52
38
2
64
3
7
29
2
13
27
2
4
28
21
32
13
3
6
4
6
19
27
98
13
98
2
9
33
5
15
2
11
33
4
13
98
9
8
98
37
6
2
8
98
2
9
9
6
10
98
9
98
10
98
2
8
3
6
44
68
17
10
5
12
3
15
21
12
43
98
45
9
11
98
98
77
90
3
2
7
7
38
2
19
12
21
8
3
5
31
9
10
28
98
3
3
98
9
12
64
98
15
40
2
8
83
3
98
6
22
4
48
17
41
9
10
4
98
22
9
2
3
27
7
15
16
10
1
38
98
11
2
2
22
2
98
22
40
19
19
98
5
16
7
16
35
9
9
63
39
2
3
31
22
29
3
35
2
16
47
54
9
91
4
19
6
98
34
30
27
17
54
5
2
23
3
84
12
34
50
2
16
35
6
12
98
7
68
98
1
9
23
11
51
98
45
14
30
12
23
16
98
6
30
3
98
4
7
8
1
10
2
17
1
98
98
38
8
50
35
3
8
17
97
96
16
38
23
4
44
98
43
98
14
53
31
98
98
82
26
2
15
8
2
1
2
7
26
98
5
3
98
22
16
13
43
98
7
5
9
10
98
28
18
35
16
21
25
98
84
98
6
3
16
43
9
21
14
31
1
30
98
4
13
7
3
11
27
98
11
9
14
98
25
98
98
20
11
4
29
26
13
10
9
9
98
8
2
98
34
1
14
9
7
54
2
98
98
4
98
25
20
28
9
8
19
5
2
10
10
0
31
6
98
42
2
4
86
2
2
2
36
98
4
98
84
34
98
16
