9
13
3
25
98
15
33
11
98
94
98
7
61
15
11
8
9
34
15
27
7
12
5
98
16
18
18
13
7
20
11
13
19
5
14
65
31
98
10
36
13
25
98
16
19
15
24
20
14
27
2
12
13
8
14
3
7
14
5
16
10
4
41
54
49
98
12
20
6
14
15
3
12
39
7
14
22
3
9
5
48
10
98
98
2
48
17
4
24
11
3
70
21
15
98
15
16
98
21
14
15
7
16
98
15
5
7
11
98
51
9
98
14
22
15
21
88
10
24
12
14
5
18
10
15
34
9
29
98
98
19
98
4
13
5
3
42
32
6
9
8
5
68
2
45
34
9
52
18
17
73
7
40
9
9
4
64
15
98
11
22
5
71
12
27
16
11
10
74
17
6
8
43
32
21
98
57
10
1
16
36
13
10
20
22
15
3
98
24
14
9
31
4
16
20
14
98
16
12
98
5
4
5
5
5
8
2
4
12
9
36
5
6
27
9
16
6
10
98
12
2
65
32
15
8
2
74
11
2
41
39
20
3
10
98
14
4
4
19
77
4
61
98
9
18
8
4
8
11
22
17
23
10
2
6
29
11
15
6
4
98
22
14
54
23
12
47
98
9
26
2
12
13
1
14
4
1
29
17
4
98
8
3
5
22
7
16
9
98
14
98
4
9
20
5
3
17
51
6
2
9
11
30
9
19
3
6
2
87
12
5
8
25
10
20
2
98
16
27
16
2
1
5
17
12
11
6
14
23
7
98
13
31
98
5
18
6
21
6
13
9
10
5
98
5
50
9
7
7
9
60
14
5
15
11
4
17
12
2
95
94
6
98
14
50
11
13
98
11
7
15
3
11
12
13
20
37
10
8
2
2
3
7
33
2
60
12
9
57
98
4
76
2
8
33
4
11
16
28
42
23
33
77
98
68
13
98
98
89
76
25
3
98
11
83
8
98
7
98
6
17
5
33
50
21
7
98
10
29
28
26
14
9
26
7
98
12
55
79
8
7
3
43
10
78
2
12
18
15
10
36
19
11
15
1
98
6
14
18
23
29
68
6
20
9
10
4
43
98
10
9
19
14
16
98
18
74
56
7
3
14
14
31
2
11
4
59
20
3
13
24
7
19
7
59
7
8
20
19
15
7
7
31
6
23
98
9
26
30
98
17
41
98
1
9
40
40
13
32
44
4
9
2
98
2
13
9
5
98
8
24
8
2
8
12
2
3
23
17
98
19
9
9
3
17
17
1
6
7
13
19
19
8
11
3
1
11
13
16
19
29
98
22
13
2
98
8
98
2
21
12
8
11
12
23
20
22
43
25
18
32
12
18
98
89
1
5
98
98
73
16
1
11
10
22
16
12
2
1
15
37
58
20
73
22
10
74
11
28
5
19
1
41
10
10
14
3
5
33
25
3
98
12
22
98
17
3
10
6
14
8
3
14
31
53
18
5
98
7
6
50
5
13
41
18
43
8
11
19
37
4
64
90
98
16
10
1
15
14
15
7
98
8
98
4
11
38
5
6
19
5
10
98
16
8
8
8
4
2
3
34
15
2
98
12
20
41
37
17
10
39
21
19
12
7
14
98
4
4
2
43
16
5
6
8
28
24
10
4
2
8
32
3
8
10
10
81
15
3
98
19
25
11
4
2
9
6
32
11
2
17
13
7
8
14
15
4
6
2
1
12
42
15
10
98
2
5
6
2
38
24
11
9
1
10
13
5
29
18
54
38
28
17
8
21
47
11
6
14
9
10
98
6
6
7
39
12
8
18
12
6
11
98
3
7
16
98
87
7
13
21
13
98
70
9
2
36
38
7
30
63
13
9
15
3
20
7
42
10
6
3
5
5
32
13
59
90
2
2
7
3
6
2
34
24
22
22
85
1
2
36
10
11
63
98
70
2
18
72
2
10
3
13
1
30
15
86
52
12
98
3
1
76
4
25
12
12
53
13
16
2
98
16
37
29
17
7
98
4
6
8
8
12
98
13
98
1
4
6
14
10
11
16
19
6
34
19
98
25
16
3
5
8
24
33
7
3
6
14
13
1
5
9
98
1
7
6
10
2
98
17
17
17
18
98
21
11
18
29
98
10
4
25
57
37
17
4
10
43
3
6
9
56
2
14
6
7
17
9
69
7
26
52
8
22
8
12
12
9
26
17
10
0
9
14
39
12
3
37
2
9
19
13
4
11
3
5
4
8
7
19
39
16
17
12
11
2
98
7
0
2
98
10
17
23
81
8
39
30
98
62
11
28
36
2
12
10
21
10
30
98
98
14
18
3
3
5
6
21
9
10
13
46
14
12
98
1
2
4
14
15
8
98
7
4
30
1
44
10
98
7
98
98
12
19
23
20
2
26
15
23
30
98
5
20
8
5
77
8
10
3
98
11
3
6
8
8
12
9
12
7
8
75
26
98
6
98
21
20
23
15
41
9
98
3
15
13
39
9
16
17
17
10
28
12
7
7
18
17
15
13
9
98
13
7
17
2
2
24
98
3
98
11
17
23
27
14
11
3
40
18
2
5
27
3
24
2
13
20
13
7
35
34
6
4
98
10
7
3
12
10
7
10
12
11
4
31
98
35
56
22
36
2
67
43
19
11
15
13
29
10
5
12
5
98
7
21
21
54
22
28
15
49
2
20
9
98
10
2
5
98
4
2
3
9
2
30
29
17
1
2
98
5
98
12
6
22
15
9
84
8
98
7
20
9
11
29
14
65
10
34
15
12
6
47
23
28
37
4
98
6
16
17
2
98
14
98
98
14
98
32
9
1
98
98
4
15
11
21
11
37
24
42
8
11
6
14
7
11
9
19
38
12
17
38
14
13
12
20
98
98
6
9
5
5
17
8
98
8
9
9
16
81
39
7
13
9
98
31
7
1
17
15
40
26
25
98
98
98
24
22
26
7
13
98
12
98
98
53
84
5
98
3
16
9
98
14
19
9
7
21
22
12
19
60
4
10
19
8
11
13
8
3
17
15
31
20
15
8
9
11
9
15
12
8
9
3
98
40
19
0
41
98
11
4
41
15
98
16
38
43
5
98
14
18
52
17
3
5
16
18
98
9
31
16
13
17
2
13
16
28
98
98
20
18
7
4
3
10
19
14
6
38
9
3
13
19
12
35
11
7
2
43
8
5
13
6
5
6
9
24
98
14
59
2
14
40
98
9
4
4
13
15
4
33
98
11
33
11
3
50
1
7
5
49
8
3
29
11
4
24
44
18
98
2
18
12
42
9
8
11
4
7
4
7
98
7
8
98
10
4
9
7
10
8
16
41
23
5
2
98
26
15
58
4
22
27
98
4
4
98
11
17
14
7
6
2
43
11
3
98
98
21
14
39
19
8
25
6
3
14
47
98
2
9
1
4
33
11
2
2
8
43
28
6
2
16
11
4
3
24
36
26
2
6
8
94
7
22
13
18
17
0
7
10
98
9
20
17
13
5
16
9
6
98
9
6
5
40
17
4
60
29
9
9
6
2
4
8
9
18
2
14
24
2
53
9
12
3
2
20
6
13
8
3
20
6
5
10
11
15
11
7
23
5
7
16
10
4
11
98
98
5
98
98
8
27
3
73
18
6
8
98
3
9
13
98
8
4
2
18
23
92
15
5
38
1
2
26
11
98
8
98
25
98
12
21
7
69
14
2
2
13
98
8
14
45
18
1
5
30
10
98
98
3
8
2
17
5
0
13
2
24
13
16
