98
66
54
21
28
98
13
7
25
47
50
93
98
98
59
53
98
7
31
98
98
21
6
19
55
26
2
8
98
9
4
46
98
11
2
97
46
98
4
2
98
98
11
12
30
70
2
98
8
98
44
98
98
3
98
5
19
98
57
27
19
73
85
5
98
3
25
6
42
10
98
40
42
14
22
14
6
98
39
31
98
2
98
98
33
30
98
52
7
40
5
2
15
98
13
18
98
4
69
7
4
98
98
2
3
32
7
19
28
98
12
18
16
3
87
2
46
6
22
7
5
8
27
2
98
16
6
3
60
4
3
20
36
10
13
98
2
6
34
3
11
12
35
7
48
98
46
17
26
98
98
6
6
50
98
7
6
28
79
6
24
24
98
9
19
29
98
5
98
40
5
25
98
98
2
8
17
98
40
51
74
39
29
4
98
29
5
24
82
34
2
15
2
43
17
65
21
8
20
2
98
74
4
67
15
3
98
21
4
98
10
8
29
72
3
3
8
12
98
51
98
5
8
65
8
5
27
52
7
98
76
31
89
20
98
98
29
3
25
1
98
52
5
98
5
24
3
98
34
13
71
14
2
98
7
13
5
39
57
57
39
17
98
2
98
5
98
47
98
48
7
74
6
23
11
11
44
6
10
25
48
98
24
27
58
43
19
25
98
98
98
56
98
47
2
19
98
3
92
5
98
35
98
18
8
51
98
8
8
21
68
2
49
3
28
7
37
5
40
21
40
9
4
3
98
5
50
52
18
79
44
17
19
98
98
4
98
23
98
7
4
5
10
8
4
5
68
22
89
22
52
2
2
64
98
2
98
98
98
98
2
2
11
98
4
5
9
33
15
98
98
12
42
19
27
8
31
55
81
98
19
1
3
20
4
98
98
10
90
98
14
77
28
13
30
6
8
4
69
50
98
2
30
98
98
67
15
12
98
34
11
6
9
9
10
63
7
10
27
21
9
6
4
1
45
27
98
98
6
43
22
98
98
98
91
44
98
62
20
14
54
22
18
14
13
72
10
2
30
7
11
53
98
98
81
7
2
92
8
13
13
37
98
10
36
90
41
13
8
61
10
98
98
79
15
32
39
98
23
98
98
98
98
98
98
9
98
41
83
12
13
2
8
98
2
98
10
21
98
33
19
98
61
56
5
84
12
1
31
3
98
5
72
41
6
34
98
2
98
98
6
10
43
98
23
58
8
8
98
6
21
98
11
2
2
98
98
98
98
3
9
9
10
9
4
25
18
98
98
6
98
13
98
3
98
98
98
21
98
4
36
95
50
90
98
98
98
35
98
6
19
31
25
6
98
3
53
98
10
98
55
11
9
7
34
14
13
98
4
48
2
10
98
71
10
98
75
47
1
57
98
98
98
5
98
2
37
4
30
86
98
98
22
41
6
4
54
98
0
62
98
98
30
2
98
84
3
98
6
37
98
38
55
15
13
98
4
17
10
5
2
18
46
66
9
16
98
98
6
98
98
2
5
6
3
21
68
43
7
56
10
19
23
98
2
58
98
98
98
98
26
10
12
18
3
98
31
6
98
18
14
5
47
10
98
71
98
17
98
2
2
93
98
2
9
10
11
86
98
33
98
15
70
18
13
98
6
5
2
98
98
24
79
5
98
34
50
24
29
98
16
13
6
63
98
98
54
28
4
98
98
98
8
10
98
42
7
46
48
98
98
98
86
98
7
17
13
98
98
66
2
49
98
65
98
98
84
51
17
2
8
98
98
4
98
2
20
10
9
12
22
47
98
92
98
41
3
98
98
98
91
0
10
12
98
13
0
98
98
98
71
0
4
98
7
9
72
69
4
16
19
86
98
2
7
5
98
98
12
98
10
98
98
67
98
54
27
22
4
33
77
4
38
98
2
98
1
2
3
29
4
14
66
98
2
9
81
18
98
6
98
98
8
98
7
4
76
65
11
98
31
12
29
14
37
37
98
98
18
98
41
18
25
98
98
25
9
18
6
25
57
10
98
2
98
17
83
98
18
98
14
6
98
18
3
98
98
10
98
9
5
98
98
98
2
72
11
98
98
98
98
49
98
98
19
24
10
18
12
50
19
98
98
98
2
1
46
3
23
4
65
27
4
6
49
98
98
7
38
98
37
88
98
98
8
35
8
20
37
4
13
1
6
13
28
98
3
10
98
98
17
9
8
63
2
2
98
37
7
31
98
3
38
98
46
3
8
79
3
17
39
98
53
98
10
30
98
1
37
3
73
5
1
44
98
34
4
61
7
19
85
30
34
84
6
37
3
98
98
11
98
3
98
98
9
23
48
98
11
6
2
24
4
98
35
9
11
2
31
8
7
55
11
14
20
98
9
13
53
98
4
5
66
24
86
23
2
2
98
6
3
84
10
98
98
4
74
8
10
7
77
64
26
9
3
24
26
2
98
12
90
8
10
4
98
20
14
5
59
3
17
98
5
16
3
64
2
2
2
16
98
79
2
3
53
98
24
4
25
31
2
12
64
4
9
42
70
9
98
98
74
83
12
10
9
98
42
8
8
47
54
6
98
39
17
98
23
3
54
78
3
98
23
49
7
3
98
10
8
3
41
15
4
2
3
84
3
22
26
23
9
4
1
10
57
98
10
8
98
98
98
48
20
5
5
12
20
98
2
76
6
26
4
2
7
80
18
16
29
98
50
10
2
5
25
3
9
6
2
6
98
14
44
3
66
2
10
38
44
34
30
7
12
21
2
21
9
80
98
22
68
23
37
72
11
4
58
2
98
98
6
9
18
22
2
19
98
2
2
53
2
2
7
33
70
29
41
2
2
2
58
2
98
2
30
1
33
57
2
98
5
18
18
3
74
13
98
5
11
98
98
7
38
34
9
98
23
4
84
22
24
6
3
28
81
63
7
1
36
10
98
62
6
25
98
33
35
5
2
84
2
18
56
40
2
36
5
10
9
6
11
18
2
14
4
98
36
32
9
98
3
14
98
2
4
10
98
3
98
98
19
74
1
55
0
6
10
7
4
6
6
81
2
5
90
21
39
98
23
19
80
5
8
98
6
2
2
98
4
3
23
2
67
77
14
98
98
98
2
70
56
5
98
21
12
67
80
5
4
98
91
98
23
38
22
10
98
98
98
17
3
98
98
9
31
98
27
2
18
98
3
4
29
11
82
7
2
98
3
10
98
4
18
2
12
39
9
3
63
98
19
25
17
92
3
17
59
77
3
38
98
4
4
44
7
15
41
43
64
49
17
98
98
9
67
55
22
1
18
25
12
98
3
2
19
98
6
15
39
8
61
2
23
98
9
65
4
14
98
6
37
98
10
61
74
2
28
18
6
98
11
22
7
3
4
98
98
4
98
98
6
98
98
98
60
42
6
1
2
17
8
98
98
4
39
98
5
25
16
3
3
17
98
12
9
48
34
53
74
52
61
9
36
3
2
2
4
26
98
1
11
2
98
2
13
18
7
6
98
9
2
9
23
6
3
5
98
98
13
2
54
34
23
16
8
98
10
59
98
98
52
98
98
3
85
3
2
7
17
2
2
98
15
98
98
98
98
46
14
98
2
98
1
1
16
98
2
98
5
4
18
4
3
7
17
98
31
98
98
98
42
98
19
42
98
5
2
4
7
3
98
8
98
98
4
2
2
20
2
29
6
30
98
24
98
98
11
45
20
98
6
3
4
9
98
2
2
98
3
54
19
7
2
1
5
12
13
98
98
84
17
9
45
4
4
21
2
33
2
44
10
98
61
2
12
98
17
1
98
14
98
33
2
98
2
40
1
98
8
1
2
10
98
16
2
7
2
3
54
49
98
0
0
60
8
98
2
98
18
98
9
11
10
98
98
98
98
2
9
40
3
34
30
98
14
41
98
49
98
35
98
2
5
23
15
98
26
98
98
1
58
26
98
2
20
2
2
98
98
2
98
2
98
98
98
25
3
1
98
3
98
55
4
98
2
98
2
7
22
48
33
3
98
75
98
2
28
98
5
2
98
2
5
27
98
1
56
2
14
7
7
98
98
98
98
5
12
48
2
3
48
98
24
3
98
2
16
14
98
98
31
3
2
98
6
98
26
27
98
41
98
98
4
3
98
98
9
98
5
12
98
4
3
98
5
3
15
98
98
9
98
2
19
98
6
46
98
23
27
98
98
5
98
98
98
98
1
1
43
98
41
98
98
5
46
98
98
2
98
36
2
1
11
98
60
2
98
13
6
40
7
98
98
98
2
4
3
98
98
31
6
41
25
71
25
2
12
2
98
12
98
98
7
51
28
98
98
71
98
2
98
41
98
1
98
98
3
2
10
98
3
98
82
98
30
98
98
98
98
98
4
1
7
2
37
2
65
98
3
1
98
11
6
98
10
98
98
11
98
2
98
98
98
11
12
98
98
1
39
98
98
98
98
98
2
98
2
2
3
98
98
98
98
6
2
5
68
98
98
1
2
28
83
98
98
6
98
8
5
98
98
9
8
36
2
98
76
90
2
82
98
98
2
2
2
98
98
3
98
98
2
98
14
7
98
98
98
5
2
24
98
3
3
23
22
59
14
2
98
33
2
2
6
98
11
13
98
14
38
55
3
3
98
10
40
98
10
8
24
4
34
3
2
17
28
98
98
98
7
19
5
9
4
8
2
98
10
5
98
77
7
4
3
98
5
3
34
98
16
6
69
13
4
4
2
7
4
8
12
22
8
98
98
4
3
98
2
6
98
2
12
29
4
30
98
24
6
6
98
37
22
14
4
17
3
5
8
3
20
24
5
2
5
98
9
98
11
91
10
1
21
98
98
1
98
2
3
62
6
98
98
6
7
66
19
4
5
9
9
2
2
5
5
7
5
32
98
7
9
14
4
19
13
9
5
19
0
8
11
5
17
15
98
4
19
98
3
75
3
39
98
9
17
16
2
7
4
7
98
62
6
3
11
98
2
43
98
7
53
54
20
6
3
98
14
4
98
4
4
13
98
13
28
3
53
18
98
10
10
98
27
4
21
4
4
94
8
3
4
30
96
21
3
15
83
2
4
40
98
98
39
2
20
2
7
40
51
98
98
3
9
2
13
2
98
98
98
14
2
2
29
98
19
13
5
98
33
98
3
47
2
98
98
98
21
5
79
20
27
98
98
31
24
15
33
6
47
8
98
9
26
17
12
0
8
1
8
2
98
10
12
13
25
12
7
4
2
15
29
98
23
98
5
7
3
98
98
2
7
17
30
61
17
1
15
2
31
5
4
10
98
15
2
10
2
8
9
98
2
3
2
4
98
98
3
65
98
71
97
5
8
43
20
3
6
98
3
98
8
98
3
2
3
4
14
10
98
6
98
2
19
3
47
2
2
4
13
2
2
5
23
7
12
45
2
87
2
23
4
3
10
10
3
6
4
3
17
98
37
17
24
7
3
5
7
98
14
4
5
98
3
46
15
98
13
3
30
2
8
5
41
96
4
98
27
14
21
5
98
17
4
4
18
14
5
26
3
4
8
5
19
2
98
25
53
2
78
38
7
28
7
98
98
4
6
9
98
98
17
2
2
98
2
2
98
10
4
11
8
71
98
98
98
98
30
16
4
5
2
2
27
12
81
5
4
98
13
18
4
20
4
20
2
98
8
7
23
98
15
98
98
16
98
10
43
7
4
6
13
34
98
31
42
14
29
60
7
98
56
95
98
98
98
98
47
3
24
42
98
21
7
34
2
6
98
11
98
15
12
13
17
10
98
98
2
3
12
3
2
98
31
9
5
26
3
2
78
6
98
8
4
2
4
98
2
11
5
27
4
98
98
59
8
1
12
22
13
11
1
17
2
11
20
98
37
10
9
63
15
98
3
3
7
60
4
3
3
5
56
2
2
98
10
4
2
8
85
6
4
98
23
4
98
74
22
5
45
4
37
4
98
98
98
5
17
4
98
98
9
29
44
98
2
98
5
84
25
7
28
2
6
98
35
14
8
75
3
3
98
7
98
7
98
6
37
7
97
47
26
6
53
11
8
98
4
98
98
7
2
29
37
98
10
32
11
2
25
18
6
17
71
19
2
2
3
2
2
5
98
2
98
58
3
4
64
98
16
5
6
5
98
10
3
12
98
98
98
98
2
8
98
98
13
2
9
7
2
40
6
3
98
6
2
50
78
98
7
98
98
45
98
9
7
16
5
29
84
98
7
2
98
2
98
98
4
98
2
5
34
98
8
4
25
27
11
7
98
98
98
2
12
10
16
3
98
81
4
98
3
98
2
98
11
98
6
4
10
