13.65
27.65
6.65
9.45
10.85
19.25
8.05
23.45
33.25
17.85
22.05
31.85
13.65
22.05
1.05
48.65
9.45
8.05
2.45
23.45
20.65
51.45
29.05
9.45
12.25
2.45
2.45
12.25
8.05
16.45
31.85
22.05
12.25
16.45
12.25
13.65
38.85
33.25
51.45
1.05
13.65
1.05
23.45
38.85
16.45
6.65
124.25
73.85
78.05
47.25
20.65
19.25
5.25
15.05
89.25
55.65
24.85
2.45
45.85
140.0
23.45
54.25
13.65
16.45
3.85
16.45
20.65
26.25
3.85
30.45
8.05
12.25
68.25
15.05
22.05
13.65
17.85
19.25
15.05
12.25
40.25
5.25
12.25
5.25
2.45
30.45
140.0
26.25
23.45
24.85
12.25
1.05
8.05
5.25
58.45
3.85
20.65
6.65
0.35
63.35
24.15
1.75
0.35
5.95
0.35
8.75
11.55
1.75
3.15
0.35
0.35
1.75
28.35
5.95
140.0
10.15
25.55
3.15
115.15
4.55
1.75
15.75
24.15
7.35
0.35
140.0
10.15
0.35
11.55
22.05
9.45
19.25
2.45
10.85
2.45
23.45
2.45
40.25
8.05
6.65
8.05
19.25
38.85
62.65
8.05
50.05
24.85
19.25
9.45
6.65
80.85
5.25
20.65
140.0
101.85
3.85
1.05
12.25
16.45
6.65
13.65
24.85
19.25
1.05
22.05
12.25
8.05
8.05
33.25
10.85
27.65
23.45
17.85
1.05
8.05
16.45
9.45
29.05
27.65
12.25
13.65
30.45
13.65
1.05
34.65
13.65
27.65
13.65
58.45
10.85
16.45
16.45
8.05
12.25
59.85
16.45
8.05
1.05
10.85
33.25
17.85
5.25
2.45
2.45
23.45
31.85
8.05
5.25
16.45
13.65
97.65
23.45
33.25
22.05
1.05
58.45
140.0
58.45
31.85
140.0
17.85
140.0
6.65
20.65
9.45
13.65
58.45
5.25
41.65
43.05
2.45
9.45
1.05
140.0
6.65
31.85
9.45
9.45
140.0
16.45
19.25
5.25
12.25
13.65
34.65
15.05
1.05
19.25
15.05
5.25
34.65
2.45
15.05
20.65
10.85
140.0
48.65
89.25
3.85
45.85
10.85
30.45
34.65
9.45
26.25
0.7
140.0
4.9
2.1
17.5
18.9
62.3
17.5
20.3
10.5
30.1
4.9
7.7
16.1
140.0
3.5
3.5
10.5
42.7
23.1
11.9
0.7
11.9
24.5
23.1
21.7
27.3
10.5
2.1
10.5
7.7
13.3
140.0
27.3
21.7
3.5
11.9
11.9
9.1
4.9
25.9
0.7
13.3
25.9
20.3
11.9
53.9
9.1
13.3
18.9
10.5
0.7
17.5
9.1
9.1
6.3
0.7
13.3
10.5
21.7
3.5
6.3
3.5
14.7
9.1
140.0
52.5
7.7
9.1
9.1
18.9
2.1
10.5
16.1
56.7
25.9
2.1
2.1
9.1
140.0
65.1
7.7
109.9
10.5
6.3
28.7
18.9
58.1
4.9
31.5
25.9
10.5
10.5
17.5
21.7
72.1
10.5
11.9
27.3
6.3
37.1
16.1
9.1
31.5
10.5
34.3
2.1
3.5
10.5
55.3
3.5
9.1
10.5
17.5
11.9
86.1
11.9
14.7
10.5
67.9
25.9
9.1
30.1
7.7
16.1
4.9
17.5
88.9
4.9
42.7
140.0
140.0
27.3
17.5
53.9
0.7
13.3
76.3
16.1
0.7
17.5
18.9
9.1
21.7
16.1
13.3
7.7
17.5
20.3
35.7
7.7
2.1
21.7
0.7
13.3
32.9
14.7
9.1
9.1
14.7
17.5
10.5
9.1
45.5
16.1
10.5
4.9
9.1
6.3
140.0
18.9
81.9
3.5
0.7
13.3
6.3
2.1
3.5
9.1
27.3
10.5
14.7
140.0
140.0
14.7
52.5
18.9
11.9
18.9
9.1
23.1
9.1
9.1
17.5
16.1
18.9
90.3
13.3
6.3
4.9
30.1
37.1
7.7
10.5
115.5
3.5
14.7
20.3
28.7
3.5
13.3
37.1
13.3
37.1
100.1
32.9
9.1
6.3
27.3
23.1
20.3
72.1
7.7
45.5
9.1
14.7
21.7
6.3
27.3
10.5
20.3
9.1
13.3
21.7
6.3
25.9
25.9
9.1
13.3
102.9
9.1
13.3
55.3
2.1
17.5
129.5
140.0
10.5
7.7
4.9
7.7
13.3
11.9
21.7
6.3
13.3
10.5
13.3
44.1
24.5
2.1
49.7
21.7
20.3
35.7
31.5
20.3
13.3
20.3
0.7
58.1
24.5
140.0
24.5
24.5
6.3
2.1
56.7
11.9
3.5
3.5
3.5
4.9
21.7
2.1
34.3
25.9
13.3
4.9
25.9
18.9
31.5
14.7
9.1
10.5
66.5
28.7
9.1
21.7
7.7
44.1
24.5
9.1
11.9
9.1
2.1
23.1
21.7
6.3
3.5
7.7
39.9
79.1
10.5
24.5
4.9
6.3
9.1
17.5
14.7
3.5
140.0
6.3
9.1
6.3
14.7
2.1
4.9
44.1
7.7
9.1
16.1
6.3
45.5
13.3
7.7
31.5
90.3
140.0
13.3
20.3
2.1
4.9
30.1
140.0
14.7
20.3
140.0
52.5
20.3
0.7
9.1
21.7
9.1
28.7
6.3
21.7
140.0
13.3
10.5
60.9
13.3
140.0
7.7
34.3
18.9
30.1
6.3
27.3
35.7
21.7
7.7
76.3
7.7
18.9
9.1
140.0
9.1
29.05
36.05
2.45
44.45
6.65
5.25
15.05
3.85
15.05
107.45
8.05
20.65
13.65
73.85
6.65
19.25
3.85
22.05
19.25
5.25
45.85
16.45
6.65
5.25
38.85
1.05
15.05
2.45
140.0
3.85
17.85
2.45
110.25
6.65
1.05
16.45
5.25
20.65
26.25
140.0
100.45
26.25
34.65
2.45
17.85
12.25
3.85
1.05
10.85
13.65
50.05
93.45
20.65
64.05
1.05
51.45
1.05
140.0
5.25
15.05
6.65
24.85
17.85
20.65
45.85
93.45
22.05
3.85
9.45
13.65
17.85
2.45
22.05
12.25
6.65
36.05
15.05
5.25
17.85
5.25
9.45
120.05
33.25
13.65
13.65
36.05
140.0
9.45
9.45
24.85
82.25
17.85
23.45
15.05
8.05
17.85
37.45
15.05
3.85
3.85
20.65
57.05
17.85
8.05
26.25
86.45
129.85
140.0
36.05
5.25
36.05
10.85
5.25
30.45
10.85
19.25
26.25
48.65
40.25
23.45
3.85
2.45
15.05
20.65
140.0
6.65
13.65
131.25
6.65
2.45
10.85
6.65
19.25
15.05
3.85
20.65
13.65
8.05
10.85
6.65
66.85
10.85
140.0
12.25
8.05
9.45
83.65
8.05
29.05
41.65
17.85
9.45
55.65
52.85
16.45
19.25
27.65
83.65
26.25
15.05
47.25
19.25
19.25
6.65
140.0
19.25
5.25
22.05
9.45
24.85
5.25
90.65
1.05
1.05
9.45
48.65
5.25
10.85
5.25
17.85
12.25
16.45
41.65
140.0
140.0
13.65
17.85
20.65
50.05
20.65
20.65
10.85
5.25
24.85
10.85
140.0
17.85
140.0
96.25
3.85
15.05
13.65
13.65
10.85
3.85
15.05
16.45
15.05
23.45
13.65
8.05
34.65
52.85
140.0
22.05
140.0
27.65
29.05
5.25
8.05
17.85
10.85
1.05
10.85
27.65
22.05
140.0
48.65
9.45
24.85
8.05
30.45
6.65
15.05
22.05
13.65
121.45
20.65
31.85
23.45
15.05
140.0
12.25
17.85
22.05
16.45
8.05
22.05
20.65
140.0
27.65
82.25
19.25
12.25
9.45
58.45
10.85
15.05
10.85
12.25
10.85
16.45
10.85
33.25
12.25
19.25
17.85
13.65
140.0
41.65
16.45
29.05
20.65
2.45
2.45
55.65
19.25
31.85
30.45
80.85
3.85
26.25
27.65
12.25
12.25
40.25
15.05
27.65
45.85
20.65
19.25
40.25
10.85
12.25
26.25
8.05
140.0
19.25
16.45
54.25
12.25
8.05
13.65
61.25
22.05
38.85
17.85
15.05
15.05
12.25
17.85
10.85
15.05
29.05
15.05
85.05
16.45
12.25
9.45
17.85
17.85
30.45
2.45
27.65
54.25
38.85
34.65
6.65
