81.9
52.5
6.3
63.7
38.5
30.1
65.1
3.5
0.7
104.3
10.5
23.1
21.7
7.7
53.9
21.7
11.9
11.9
18.9
2.1
0.7
67.9
3.5
9.1
0.7
10.5
18.9
0.7
10.5
62.3
10.5
17.5
17.5
140.0
9.1
91.7
2.1
66.5
16.1
35.7
10.5
49.7
16.1
25.9
140.0
18.9
9.1
79.1
46.9
10.5
30.1
18.9
23.1
7.7
14.7
9.1
9.1
4.9
0.7
123.9
34.3
35.7
52.5
65.1
59.5
10.5
88.9
16.1
34.3
9.1
24.5
13.3
18.9
46.9
140.0
28.7
105.7
46.9
13.3
58.1
60.9
35.7
9.1
73.5
95.9
16.1
10.5
7.7
48.3
14.7
2.1
32.9
14.7
32.9
18.9
16.1
14.7
42.7
41.3
11.9
3.5
9.1
4.9
6.3
38.5
6.3
18.9
11.9
86.1
27.3
4.9
38.5
4.9
21.7
10.5
2.1
108.5
125.3
2.1
20.3
20.3
6.3
42.7
94.5
140.0
21.7
31.5
7.7
4.9
46.9
18.9
6.3
140.0
7.7
2.1
140.0
13.3
2.1
13.3
24.5
58.1
4.9
21.7
18.9
28.7
23.1
7.7
140.0
3.5
16.1
6.3
140.0
107.1
3.5
16.1
16.1
21.7
16.1
27.3
14.7
16.1
44.1
31.5
65.1
30.1
4.9
11.9
69.3
20.3
17.5
13.3
13.3
18.9
9.1
21.7
37.1
53.9
10.5
21.7
9.1
23.45
10.85
140.0
1.05
43.05
13.65
1.05
17.85
20.65
2.45
1.05
15.05
37.45
15.05
8.05
1.05
1.05
30.45
29.05
34.65
3.85
13.65
8.05
1.05
113.05
10.85
26.25
20.65
43.05
29.05
34.65
23.45
26.25
12.25
8.05
1.05
16.45
38.85
1.05
12.25
9.45
3.85
36.05
17.85
13.65
45.85
5.25
2.45
2.45
29.05
2.45
5.25
19.25
1.05
23.45
140.0
2.45
1.05
20.65
12.25
47.25
6.65
140.0
13.65
12.25
9.45
41.65
107.45
2.45
2.45
1.05
36.05
9.45
10.85
15.05
52.85
140.0
1.05
2.45
19.25
15.05
47.25
12.25
97.65
19.25
16.45
140.0
6.65
1.05
40.25
29.05
93.45
1.05
6.65
22.05
6.65
6.65
5.25
44.45
140.0
17.85
9.45
30.45
89.25
97.65
124.25
140.0
20.65
96.25
1.05
2.45
9.45
13.65
40.25
9.45
44.45
6.65
45.85
19.25
6.65
5.25
10.85
45.85
10.85
10.85
23.45
9.45
17.85
13.65
52.85
12.25
140.0
45.85
140.0
108.85
2.45
1.05
17.85
5.25
6.65
72.45
80.85
8.05
6.65
50.05
17.85
87.85
27.65
26.25
44.45
5.25
10.85
40.25
107.45
36.05
140.0
58.45
12.25
62.65
24.85
8.05
22.05
31.85
16.45
140.0
22.05
36.05
30.45
9.45
40.25
15.05
85.05
5.25
27.65
140.0
12.25
12.25
20.65
62.65
57.05
26.25
62.65
37.45
8.05
34.65
41.65
13.65
17.85
69.65
140.0
26.25
8.05
23.45
140.0
75.25
17.85
30.45
140.0
3.85
12.25
27.65
54.25
6.65
3.85
16.45
26.25
103.25
24.85
33.25
6.65
27.65
5.25
10.85
8.05
10.85
5.25
10.85
41.65
17.85
79.45
20.65
9.45
27.65
65.45
9.45
55.65
9.45
19.25
43.05
66.85
10.85
9.45
8.05
140.0
140.0
26.25
1.75
1.75
3.15
19.95
25.55
31.15
14.35
0.35
11.55
10.15
10.15
7.35
32.55
0.35
8.75
0.35
3.15
28.35
26.95
22.75
5.95
17.15
0.35
11.55
5.95
3.15
92.75
14.35
25.55
14.35
5.95
14.35
56.35
22.75
43.75
15.75
54.95
0.35
7.35
19.95
91.35
5.95
17.15
0.35
22.75
3.15
15.75
14.35
3.15
29.75
14.35
3.15
14.35
4.55
12.95
31.15
40.95
59.15
52.15
1.75
7.35
47.95
0.35
1.75
66.15
14.35
12.95
12.95
105.35
22.75
18.55
21.35
24.15
140.0
87.15
7.35
39.55
8.75
56.35
24.15
14.35
75.95
0.35
21.35
7.35
5.95
19.95
1.75
3.15
4.55
17.15
26.95
109.55
25.55
45.15
11.55
140.0
0.35
3.15
49.35
52.15
10.15
140.0
3.15
7.35
21.35
8.75
4.55
31.15
14.35
77.35
22.75
17.15
140.0
36.75
5.95
10.15
1.75
10.15
3.15
140.0
42.35
8.75
38.15
18.55
18.55
14.35
14.35
15.75
1.75
52.15
17.15
21.35
0.35
140.0
35.35
10.15
9.1
32.9
6.3
11.9
69.3
10.5
0.7
18.9
10.5
49.7
16.1
9.1
28.7
28.7
17.5
41.3
16.1
24.5
6.3
2.1
60.9
34.3
28.7
4.9
38.5
30.1
37.1
14.7
2.1
13.3
2.1
18.9
25.9
11.9
52.5
4.9
6.3
2.1
9.1
13.3
111.3
52.5
7.7
140.0
27.3
17.5
14.7
44.1
67.9
9.1
42.7
86.1
10.5
0.7
11.9
21.7
140.0
25.9
18.9
25.9
16.1
13.3
21.7
7.7
9.1
18.9
6.3
9.1
7.7
14.7
4.9
20.3
3.5
21.7
31.5
140.0
53.9
16.1
10.5
24.5
17.5
4.9
16.1
77.7
69.3
10.5
38.5
14.7
20.3
14.7
23.1
3.5
6.3
28.7
6.3
4.9
18.9
21.7
30.1
2.1
34.3
140.0
3.5
10.5
23.1
17.5
25.9
9.1
14.7
27.3
2.1
59.5
41.3
13.3
79.1
81.9
3.5
3.5
3.5
140.0
38.5
13.3
3.5
20.3
25.9
7.7
23.1
14.7
140.0
17.5
9.1
2.1
42.7
18.9
9.1
140.0
6.3
98.7
13.3
18.9
11.9
17.5
4.9
9.1
39.9
4.9
13.3
20.3
14.7
34.3
13.3
4.9
14.7
0.7
140.0
13.3
4.9
3.5
14.7
41.3
4.9
11.9
3.5
9.1
9.1
11.9
10.5
25.9
140.0
25.9
6.3
2.1
4.9
140.0
0.7
25.9
16.1
0.7
7.7
4.9
32.9
11.9
66.5
10.5
2.1
80.5
0.7
3.5
10.5
70.7
11.9
3.5
31.5
2.1
25.9
34.3
48.3
11.9
21.7
140.0
2.1
35.7
13.3
34.3
44.1
3.5
13.3
23.1
18.9
11.9
2.1
140.0
140.0
62.3
37.1
132.3
6.3
6.3
13.3
10.5
42.7
11.9
52.5
51.1
94.5
27.3
17.5
3.5
25.9
7.7
140.0
16.1
10.5
62.3
6.3
3.5
140.0
73.5
77.7
140.0
24.5
11.9
7.7
38.5
13.3
4.9
23.1
11.9
62.3
140.0
25.9
4.9
6.3
27.3
114.1
58.1
3.5
14.7
11.9
2.1
34.3
11.9
6.3
39.9
62.3
4.9
3.5
21.7
4.9
9.1
14.7
115.5
7.7
44.1
21.7
52.5
14.7
27.3
6.3
4.9
59.5
28.7
2.1
7.7
4.9
7.7
9.1
97.3
10.5
140.0
6.3
2.1
59.5
11.9
52.5
122.5
28.7
87.5
44.1
37.1
4.9
11.9
52.5
3.5
51.1
7.7
20.3
140.0
16.1
18.9
16.1
69.3
11.9
9.1
23.1
37.1
6.3
24.5
14.7
17.5
7.7
20.3
6.3
140.0
10.5
9.1
7.7
10.5
10.5
140.0
51.1
10.5
11.9
140.0
140.0
