8
29
9
4
6
14
74
2
98
98
98
2
55
3
91
32
98
11
14
98
98
98
8
40
98
2
98
46
9
34
16
98
11
98
98
29
98
12
90
31
3
40
15
98
2
98
98
2
33
80
8
98
2
91
16
98
95
5
98
98
8
5
4
98
36
98
3
17
10
98
4
33
9
9
98
21
98
11
98
59
98
2
36
46
98
98
12
55
51
60
98
4
47
21
52
98
34
52
98
49
59
78
63
26
18
10
58
98
2
98
11
93
8
40
5
34
98
29
83
3
98
23
98
60
98
63
98
65
98
13
98
38
98
11
11
22
5
31
2
98
43
98
66
20
20
98
98
37
87
40
55
20
11
68
10
98
98
98
27
1
98
74
4
98
98
8
3
3
15
2
98
84
98
79
69
11
16
21
10
5
24
98
82
75
73
98
98
98
93
27
48
52
41
35
9
32
2
24
98
60
5
9
19
98
5
98
98
11
98
81
39
2
8
2
9
54
98
9
98
24
98
10
19
16
25
98
5
8
11
22
31
98
6
7
98
3
7
50
27
22
92
42
98
10
18
98
13
17
17
14
23
98
20
35
98
70
98
28
98
24
34
98
33
98
3
6
98
98
5
98
3
12
2
6
2
98
98
98
98
59
2
67
24
57
11
32
8
29
6
29
2
40
67
44
12
3
2
31
98
35
17
4
53
30
94
98
81
98
15
69
48
46
12
10
98
20
3
98
98
6
88
98
2
9
91
8
47
25
2
14
34
39
89
15
26
18
4
36
4
98
42
15
10
98
35
6
2
3
9
15
0
47
12
39
67
11
41
98
3
87
98
86
10
20
98
16
90
2
10
7
32
98
98
6
80
98
12
71
98
98
5
2
98
23
96
98
54
26
98
46
59
6
9
98
98
98
98
61
96
6
21
98
70
4
61
37
98
11
50
37
59
24
69
89
46
98
40
22
5
3
59
71
12
21
98
1
9
98
98
98
2
98
2
63
7
3
6
24
15
16
98
43
42
87
77
98
2
71
1
98
98
66
20
76
98
83
17
98
98
26
98
76
34
98
98
84
43
21
14
98
61
98
9
80
23
16
19
5
7
98
39
4
98
18
13
3
61
20
20
18
77
98
5
24
58
48
15
46
98
12
67
43
32
75
91
76
98
76
8
98
98
20
36
7
98
98
98
8
30
98
11
46
97
98
40
33
14
13
62
87
14
98
24
51
60
59
98
21
5
98
6
12
98
22
54
98
35
90
98
6
9
36
63
7
4
98
81
98
5
14
7
5
32
60
2
14
68
9
21
6
12
62
3
15
25
29
13
1
59
3
8
42
56
98
87
46
4
63
2
5
41
35
98
98
2
98
88
15
5
13
91
88
49
18
45
60
98
31
98
15
37
2
51
39
98
13
7
29
3
25
5
67
40
2
17
98
3
11
36
98
28
98
84
58
11
10
71
98
98
98
3
98
98
4
98
77
36
2
3
98
98
4
11
98
98
98
98
50
83
18
36
46
64
98
19
98
58
16
98
17
5
98
2
53
4
1
71
98
44
30
44
36
8
26
20
44
18
45
2
4
28
2
8
98
21
98
51
7
18
20
1
47
20
66
12
14
13
98
98
29
94
17
93
11
27
42
98
98
8
44
14
16
6
98
39
90
21
10
98
5
32
88
98
98
98
68
16
13
45
16
17
30
25
63
49
11
8
6
20
45
7
28
98
12
29
98
31
28
2
98
98
18
6
54
4
91
21
28
98
19
55
98
98
4
72
18
26
11
65
98
31
83
83
98
98
5
14
19
27
26
98
14
2
3
98
18
15
4
1
13
22
65
47
98
31
21
54
98
98
27
72
19
27
22
89
6
2
8
74
3
12
12
39
12
18
3
40
20
18
30
45
5
39
98
16
61
98
98
88
98
21
5
19
93
80
98
22
98
7
21
92
52
6
98
98
56
4
13
75
5
15
14
3
8
98
34
98
22
16
98
98
18
13
98
30
4
28
2
24
6
35
21
34
27
98
24
58
72
8
98
18
64
3
4
6
45
53
22
98
25
1
24
11
98
22
48
61
10
79
38
20
98
80
98
13
54
2
13
23
98
10
98
68
10
23
24
79
98
21
98
8
3
39
12
98
21
22
1
12
16
17
80
28
98
24
6
98
9
26
98
20
4
6
64
37
57
57
8
55
18
40
18
18
13
14
17
28
98
37
35
34
87
95
98
13
98
18
5
45
2
47
47
12
10
58
5
32
9
40
11
10
98
11
9
6
35
56
12
2
10
15
19
98
14
39
1
9
11
12
98
98
70
39
31
16
42
98
91
98
9
2
90
24
29
31
51
94
18
82
75
24
12
31
15
22
32
10
21
26
98
53
19
98
98
33
8
98
33
42
28
25
88
38
34
32
8
18
98
14
13
98
5
62
10
25
33
1
98
21
20
33
17
98
19
41
98
5
13
98
98
72
8
20
36
70
98
57
16
37
43
91
98
98
68
7
98
11
15
24
17
98
98
98
64
22
18
68
32
84
11
61
98
5
4
7
44
98
35
17
15
15
98
56
47
24
7
53
29
72
22
98
11
53
40
80
14
73
98
10
6
87
98
31
2
65
7
51
6
92
41
12
98
35
17
27
32
98
8
41
27
98
98
16
21
98
19
5
5
17
98
98
67
17
14
3
98
98
98
8
30
35
9
27
17
98
60
98
5
20
81
8
6
98
98
3
98
7
15
5
9
98
98
98
35
7
59
18
16
98
9
98
13
98
98
29
29
44
8
76
98
38
95
98
10
1
23
4
98
34
81
98
54
98
55
9
98
98
11
32
98
15
95
83
3
15
34
98
18
46
72
98
25
98
30
9
39
6
98
19
16
98
13
56
98
2
98
22
98
29
3
60
40
68
23
34
42
1
28
81
12
9
98
98
9
35
70
98
98
11
53
36
40
13
20
27
98
12
95
16
12
32
16
40
17
33
18
17
46
38
14
11
10
98
2
98
32
98
20
49
14
15
12
32
98
37
7
70
9
23
47
9
98
98
25
10
98
17
44
6
68
27
98
82
63
25
98
13
22
14
41
98
98
38
7
42
98
8
98
22
94
15
76
24
59
40
10
11
98
13
98
98
98
56
19
27
14
50
98
25
22
16
12
18
98
12
14
98
5
98
34
13
1
17
16
38
15
98
98
49
5
98
31
40
10
9
17
13
32
7
41
40
11
27
11
98
98
98
10
98
20
46
30
21
98
11
98
45
64
8
64
98
50
98
7
13
18
22
8
38
5
11
98
12
4
98
98
85
39
39
71
6
31
98
51
98
29
22
89
39
14
5
25
98
98
5
10
64
32
6
14
35
3
8
16
27
24
10
6
98
15
58
19
98
29
83
22
33
30
3
23
13
29
98
12
98
32
24
59
63
23
15
12
22
98
3
18
13
49
17
98
38
21
54
8
98
74
57
27
98
12
8
16
98
98
98
9
87
24
39
14
98
6
4
10
2
98
25
38
43
58
98
28
12
11
21
3
22
41
69
86
60
44
3
93
6
14
23
5
11
14
22
98
4
11
98
16
42
3
98
98
63
82
20
98
29
98
14
22
61
3
31
32
98
42
98
35
98
33
12
19
19
73
93
58
19
38
28
44
52
21
26
42
23
30
57
12
11
28
38
29
98
20
18
26
97
98
4
96
20
4
21
82
98
16
17
76
25
22
33
47
85
22
20
15
17
98
28
66
6
10
98
16
98
25
98
43
9
56
98
98
8
18
22
43
18
10
98
43
18
35
51
32
29
7
31
98
98
31
98
16
15
98
36
98
14
6
98
29
8
9
8
74
4
64
22
7
3
17
23
24
36
98
15
49
43
15
16
41
28
56
98
8
19
15
3
10
31
10
8
35
98
8
78
35
10
44
13
28
35
90
5
5
98
46
8
11
98
4
24
9
67
6
45
3
3
43
98
10
42
23
9
9
30
9
98
12
47
15
5
47
10
16
66
23
44
25
3
81
17
98
45
21
20
16
5
98
98
18
13
22
76
37
7
16
98
98
7
98
21
19
61
36
98
23
20
7
84
7
23
96
67
17
24
13
36
17
31
73
98
98
58
98
