16.1
140.0
3.5
20.3
3.5
140.0
6.3
18.9
6.3
140.0
2.1
13.3
58.1
111.3
10.5
23.1
140.0
3.5
6.3
4.9
14.7
46.9
21.7
11.9
13.3
4.9
6.3
39.9
45.5
7.7
17.5
18.9
24.5
14.7
59.5
0.7
13.3
7.7
13.3
11.9
14.7
17.5
11.9
140.0
14.7
42.7
24.5
4.9
18.9
60.9
3.5
21.7
2.1
30.1
3.5
2.1
23.1
6.3
10.5
9.1
10.5
25.9
46.9
11.9
0.7
7.7
16.1
13.3
7.7
6.3
21.7
7.7
13.3
2.1
23.1
9.1
37.1
17.5
59.5
13.3
32.9
2.1
16.1
21.7
35.7
34.3
23.1
35.7
41.3
14.7
2.1
2.1
9.1
27.3
44.1
7.7
55.3
20.3
9.1
16.1
28.7
2.1
140.0
16.1
49.7
4.9
77.7
109.9
3.5
16.1
35.7
17.5
16.1
140.0
14.7
140.0
14.7
16.1
9.1
140.0
11.9
7.7
13.3
140.0
11.9
10.5
16.1
17.5
2.1
10.5
16.1
4.9
7.7
6.3
0.7
32.9
115.5
79.1
6.3
16.1
23.1
27.3
9.1
42.7
16.1
60.9
24.5
9.1
140.0
17.5
35.7
7.7
39.9
9.1
7.7
39.9
3.5
3.5
28.7
4.9
3.5
3.5
0.7
23.1
11.9
87.5
3.5
16.1
2.1
0.7
7.7
17.5
3.5
31.5
41.3
14.7
35.7
14.7
0.7
7.7
140.0
13.3
11.9
0.7
24.5
2.1
37.1
10.5
63.7
17.5
25.9
31.5
13.3
32.9
10.5
65.1
17.5
13.3
16.1
9.1
4.9
9.1
7.7
140.0
52.5
11.9
18.9
30.1
0.7
0.7
10.5
13.3
4.9
7.7
66.5
14.7
11.9
0.7
6.3
11.9
10.5
10.5
28.7
13.3
17.5
13.3
13.3
9.1
2.1
13.3
41.3
28.7
9.1
11.9
7.7
3.5
7.7
20.3
30.1
11.9
18.9
38.5
21.7
10.5
13.3
9.1
17.5
24.5
4.9
3.5
30.1
0.7
7.7
4.9
11.9
14.7
20.3
3.5
10.5
7.7
62.3
11.9
10.5
4.9
3.5
9.1
2.1
38.5
7.7
0.7
16.1
13.3
17.5
34.3
140.0
0.7
7.7
20.3
3.5
0.7
32.9
9.1
3.5
7.7
31.5
20.3
35.7
14.7
13.3
30.1
11.9
55.3
6.3
76.3
70.7
9.1
28.7
27.3
55.3
140.0
6.3
13.3
11.9
32.9
17.5
9.1
44.1
53.9
9.1
28.7
16.1
24.5
16.1
6.3
10.5
4.9
7.7
27.3
79.1
11.9
7.7
3.5
140.0
58.1
45.5
9.1
24.5
10.5
27.3
9.1
11.9
140.0
28.7
21.7
14.7
41.3
94.5
84.7
7.7
17.5
18.9
11.9
11.9
0.7
24.5
72.1
53.9
140.0
17.5
17.5
10.5
17.5
9.1
25.9
140.0
6.3
11.9
10.5
49.7
18.9
6.3
35.7
13.3
6.3
6.3
3.5
37.1
10.5
30.1
16.1
7.7
6.3
38.5
140.0
31.5
4.9
18.9
11.9
11.9
49.7
13.3
6.3
9.1
140.0
9.1
20.3
41.3
7.7
16.1
49.7
16.1
14.7
58.1
7.7
23.1
87.5
3.5
20.3
18.9
37.1
7.7
16.1
11.9
140.0
16.1
9.1
140.0
6.3
7.7
35.7
3.5
37.1
13.3
14.7
63.7
16.1
7.7
6.3
4.9
14.7
21.7
16.1
24.5
25.9
13.3
10.5
20.3
18.9
4.9
11.9
4.9
30.1
21.7
20.3
11.9
24.5
11.9
14.7
31.5
7.7
140.0
14.7
4.9
25.9
21.7
13.3
140.0
14.7
30.1
11.9
9.1
3.5
28.7
25.9
91.7
28.7
119.7
37.1
32.9
6.3
38.5
11.9
140.0
56.7
9.1
13.3
4.9
7.7
17.5
4.9
17.5
118.3
23.1
32.9
31.5
21.7
7.7
93.1
48.3
14.7
140.0
7.7
16.1
2.1
9.1
25.9
30.1
3.5
4.9
48.3
37.1
32.9
10.5
42.7
9.1
14.7
140.0
16.1
17.5
14.7
7.7
11.9
6.3
23.1
7.7
17.5
17.5
2.1
9.1
2.1
4.9
25.9
4.9
23.1
49.7
9.1
6.3
81.9
2.1
31.5
21.7
41.3
13.3
140.0
119.7
9.1
6.3
9.1
28.7
28.7
16.1
6.3
24.5
18.9
10.5
10.5
17.5
2.1
14.7
140.0
46.9
2.1
7.7
11.9
6.3
11.9
72.1
140.0
4.9
3.5
41.3
27.3
14.7
66.5
2.1
9.1
17.5
7.7
3.5
41.3
21.7
18.9
16.1
6.3
9.1
27.3
17.5
41.3
35.7
25.9
25.9
53.9
2.1
3.5
48.3
31.5
53.9
24.5
140.0
7.7
104.3
23.1
30.1
112.7
11.9
42.7
31.5
18.9
14.7
10.5
140.0
44.1
77.7
63.7
11.9
10.5
51.1
3.5
9.1
11.9
11.9
11.9
9.1
7.7
16.1
16.1
7.7
20.3
11.9
63.7
10.5
48.3
6.3
10.5
14.7
9.1
23.1
9.1
13.3
4.9
9.1
7.7
14.7
9.1
10.5
9.1
9.1
6.3
3.5
11.9
3.5
86.1
18.9
6.3
4.9
18.9
25.9
4.9
35.7
7.7
6.3
18.9
32.9
21.7
4.9
10.5
34.3
11.9
4.9
9.1
11.9
140.0
7.7
20.3
31.5
6.3
81.9
10.5
3.5
11.9
4.9
34.3
6.3
4.9
32.9
10.5
3.5
7.7
11.9
16.1
10.5
17.5
69.3
7.7
9.1
4.9
9.1
6.3
14.7
31.5
18.9
14.7
24.5
6.3
11.9
140.0
6.3
14.7
13.3
13.3
13.3
18.9
3.5
80.5
3.5
20.3
18.9
38.5
7.7
6.3
140.0
4.9
11.9
13.3
28.7
11.9
24.5
25.9
16.1
7.7
2.1
73.5
13.3
17.5
30.1
21.7
11.9
7.7
3.5
21.7
10.5
31.5
27.3
21.7
20.3
16.1
24.5
14.7
10.5
6.3
14.7
4.9
23.1
4.9
27.3
2.1
51.1
0.7
49.7
69.3
34.3
4.9
6.3
10.5
3.5
37.1
66.5
7.7
6.3
3.5
4.9
10.5
9.1
11.9
10.5
39.9
44.1
4.9
20.3
2.1
30.1
2.1
6.3
21.7
32.9
23.1
13.3
9.1
35.7
81.9
31.5
6.3
20.3
6.3
7.7
9.1
9.1
18.9
34.3
9.1
21.7
6.3
80.5
21.7
9.1
11.9
23.1
6.3
49.7
11.9
14.7
24.5
3.5
10.5
3.5
3.5
10.5
9.1
3.5
20.3
27.3
45.5
21.7
25.9
30.1
27.3
14.7
11.9
2.1
16.1
4.9
14.7
10.5
23.1
9.1
30.1
6.3
0.7
11.9
11.9
21.7
18.9
18.9
16.1
10.5
3.5
3.5
9.1
0.7
20.3
3.5
4.9
17.5
140.0
6.3
13.3
7.7
25.9
11.9
11.9
16.1
60.9
25.9
4.9
13.3
30.1
3.5
52.5
28.7
2.1
11.9
23.1
6.3
140.0
14.7
140.0
9.1
6.3
18.9
21.7
16.1
4.9
14.7
98.7
2.1
13.3
14.7
2.1
2.1
140.0
4.9
32.9
13.3
14.7
80.5
6.3
10.5
13.3
90.3
6.3
27.3
9.1
79.1
3.5
20.3
48.3
7.7
7.7
4.9
140.0
10.5
10.5
4.9
3.5
9.1
13.3
4.9
24.5
21.7
10.5
10.5
9.1
4.9
14.7
6.3
18.9
20.3
17.5
14.7
3.5
2.1
20.3
7.7
3.5
31.5
11.9
65.1
42.7
2.1
6.3
83.3
6.3
4.9
46.9
6.3
7.7
13.3
3.5
6.3
11.9
14.7
23.1
14.7
17.5
4.9
32.9
4.9
9.1
10.5
6.3
13.3
46.9
2.1
7.7
10.5
16.1
7.7
27.3
2.1
140.0
4.9
14.7
10.5
6.3
13.3
140.0
17.5
25.9
11.9
3.5
18.9
11.9
3.5
4.9
34.3
9.1
34.3
11.9
2.1
16.1
7.7
10.5
3.5
7.7
7.7
4.9
24.5
9.1
18.9
21.7
6.3
17.5
3.5
77.7
105.7
7.7
0.7
140.0
18.9
4.9
4.9
3.5
35.7
24.5
9.1
16.1
13.3
3.5
9.1
16.1
3.5
18.9
21.7
2.1
53.9
21.7
2.1
16.1
4.9
7.7
3.5
4.9
16.1
13.3
3.5
10.5
23.1
69.3
17.5
20.3
20.3
20.3
14.7
6.3
16.1
38.5
9.1
13.3
4.9
13.3
4.9
3.5
17.5
9.1
11.9
35.7
27.3
6.3
16.1
55.3
17.5
11.9
4.9
4.9
9.1
35.7
18.9
6.3
13.3
25.9
6.3
10.5
24.5
6.3
18.9
2.1
140.0
51.1
79.1
35.7
11.9
140.0
11.9
46.9
2.1
7.7
21.7
140.0
59.5
31.5
16.1
14.7
48.3
140.0
140.0
17.5
6.3
52.5
42.7
24.5
10.5
13.3
11.9
2.1
11.9
41.3
27.3
9.1
11.9
140.0
2.1
27.3
18.9
25.9
6.3
18.9
24.5
140.0
16.1
21.7
140.0
23.1
140.0
100.1
23.1
140.0
13.3
49.7
67.9
140.0
42.7
14.7
4.9
38.5
45.5
2.1
140.0
27.3
140.0
53.9
30.1
18.9
14.7
23.1
14.7
30.1
59.5
65.1
14.7
140.0
2.1
46.9
49.7
20.3
27.3
140.0
66.5
35.7
21.7
3.5
24.5
23.1
11.9
6.3
24.5
24.5
23.1
0.7
45.5
140.0
34.3
18.9
13.3
140.0
30.1
140.0
41.3
32.9
7.7
21.7
91.7
79.1
49.7
28.7
10.5
56.7
32.9
34.3
79.1
20.3
140.0
38.5
98.7
140.0
37.1
11.9
35.7
58.1
20.3
14.7
4.9
18.9
81.9
63.7
41.3
37.1
17.5
4.9
32.9
111.3
51.1
34.3
10.5
28.7
42.7
37.1
18.9
20.3
28.7
7.7
11.9
42.7
31.5
34.3
30.1
24.5
140.0
30.1
121.1
46.9
46.9
35.7
140.0
14.7
13.3
13.3
20.3
11.9
30.1
28.7
23.1
140.0
39.9
10.5
7.7
2.1
2.1
7.7
17.5
0.7
140.0
3.5
18.9
35.7
6.3
41.3
4.9
41.3
11.9
20.3
48.3
7.7
0.7
13.3
24.5
6.3
4.9
20.3
10.5
4.9
4.9
9.1
3.5
16.1
24.5
3.5
2.1
140.0
10.5
6.3
4.9
11.9
10.5
20.3
0.7
17.5
140.0
27.3
3.5
7.7
2.1
21.7
55.3
13.3
7.7
4.9
0.7
2.1
140.0
31.5
14.7
17.5
6.3
2.1
18.9
21.7
46.9
4.9
3.5
4.9
21.7
11.9
16.1
55.3
24.5
16.1
27.3
10.5
2.1
17.5
3.5
0.7
3.5
3.5
9.1
13.3
11.9
2.1
3.5
21.7
11.9
16.1
4.9
0.7
10.5
0.7
28.7
11.9
3.5
6.3
51.1
3.5
23.1
27.3
2.1
7.7
4.9
18.9
14.7
17.5
11.9
2.1
4.9
9.1
9.1
16.1
3.5
6.3
140.0
6.3
6.3
28.7
80.5
10.5
11.9
10.5
0.7
2.1
18.9
9.1
16.1
11.9
11.9
37.1
10.5
20.3
2.1
10.5
6.3
9.1
53.9
6.3
18.9
23.1
9.1
2.1
48.3
16.1
58.1
53.9
3.5
11.9
11.9
3.5
140.0
48.3
9.1
34.3
51.1
2.1
24.5
17.5
7.7
18.9
20.3
4.9
3.5
16.1
2.1
140.0
27.3
7.7
115.5
0.7
21.7
27.3
6.3
31.5
20.3
20.3
2.1
45.5
16.1
10.5
0.7
34.3
17.5
65.1
7.7
62.3
38.5
11.9
2.1
140.0
9.1
7.7
30.1
16.1
28.7
140.0
14.7
7.7
6.3
140.0
9.1
140.0
24.5
34.3
25.9
11.9
14.7
10.5
3.5
14.7
9.1
11.9
11.9
2.1
2.1
0.7
10.5
24.5
11.9
10.5
140.0
25.9
2.1
31.5
2.1
35.7
24.5
13.3
17.5
13.3
90.3
140.0
21.7
9.1
4.9
20.3
2.1
80.5
3.5
14.7
7.7
7.7
3.5
21.7
10.5
4.9
2.1
10.5
6.3
23.1
10.5
3.5
31.5
4.9
18.9
3.5
3.5
24.5
13.3
14.7
102.9
30.1
3.5
48.3
16.1
17.5
9.1
11.9
30.1
2.1
38.5
13.3
3.5
80.5
17.5
9.1
9.1
28.7
9.1
6.3
32.9
11.9
140.0
11.9
91.7
17.5
11.9
6.3
80.5
140.0
2.1
6.3
16.1
11.9
7.7
23.1
28.7
13.3
28.7
31.5
20.3
18.9
116.9
18.9
6.3
0.7
11.9
16.1
2.1
140.0
6.3
76.3
3.5
38.5
6.3
11.9
14.7
4.9
2.1
2.1
11.9
140.0
10.5
0.7
14.7
18.9
34.3
140.0
42.7
6.3
7.7
30.1
11.9
4.9
4.9
24.5
140.0
13.3
3.5
0.7
11.9
17.5
10.5
70.7
97.3
38.5
13.3
140.0
2.1
10.5
34.3
3.5
14.7
10.5
2.1
7.7
27.3
140.0
20.3
140.0
3.5
140.0
13.3
9.1
140.0
9.1
14.7
6.3
35.7
3.5
30.1
10.5
25.9
140.0
6.3
18.9
9.1
28.7
14.7
7.7
80.5
21.7
4.9
10.5
6.3
140.0
0.7
9.1
10.5
7.7
4.9
2.1
16.1
11.9
32.9
16.1
53.9
13.3
6.3
42.7
2.1
9.1
24.5
16.1
81.9
7.7
6.3
9.1
13.3
2.1
4.9
69.3
6.3
23.1
7.7
20.3
44.1
7.7
2.1
20.3
7.7
140.0
10.5
3.5
17.5
62.3
25.9
140.0
4.9
4.9
51.1
21.7
3.5
23.1
7.7
10.5
16.1
14.7
11.9
3.5
81.9
97.3
88.9
32.9
20.3
16.1
9.1
7.7
13.3
28.7
7.7
17.5
23.1
21.7
31.5
46.9
140.0
35.7
140.0
140.0
17.5
3.5
23.1
44.1
3.5
17.5
140.0
6.3
21.7
16.1
24.5
6.3
11.9
10.5
10.5
109.9
11.9
140.0
39.9
6.3
4.9
140.0
4.9
2.1
23.1
31.5
11.9
2.1
3.5
79.1
17.5
9.1
9.1
4.9
18.9
11.9
11.9
14.7
23.1
17.5
28.7
44.1
51.1
3.5
53.9
14.7
140.0
0.7
53.9
9.1
4.9
0.7
16.1
20.3
140.0
35.7
4.9
4.9
10.5
14.7
4.9
140.0
60.9
16.1
79.1
14.7
4.9
7.7
6.3
3.5
83.3
3.5
10.5
13.3
56.7
10.5
16.1
10.5
9.1
10.5
28.7
10.5
37.1
30.1
6.3
3.5
23.1
2.1
41.3
28.7
0.7
17.5
25.9
18.9
4.9
9.1
10.5
3.5
140.0
6.3
13.3
0.7
80.5
11.9
37.1
9.1
17.5
16.1
41.3
6.3
2.1
13.3
3.5
13.3
20.3
37.1
3.5
30.1
14.7
45.5
10.5
7.7
21.7
28.7
2.1
81.9
6.3
6.3
2.1
18.9
9.1
11.9
21.7
46.9
2.1
140.0
7.7
11.9
7.7
3.5
4.9
14.7
21.7
2.1
11.9
24.5
70.7
13.3
39.9
49.7
140.0
30.1
16.1
67.9
140.0
0.7
7.7
104.3
140.0
4.9
18.9
17.5
9.1
17.5
2.1
42.7
11.9
3.5
101.5
140.0
13.3
140.0
32.9
21.7
9.1
14.7
140.0
46.9
6.3
7.7
67.9
48.3
125.3
59.5
7.7
74.9
95.9
21.7
28.7
27.3
140.0
41.3
140.0
23.1
17.5
0.7
81.9
140.0
30.1
53.9
17.5
140.0
30.1
84.7
11.9
140.0
32.9
24.5
55.3
7.7
34.3
4.9
24.5
7.7
9.1
59.5
21.7
17.5
140.0
109.9
55.3
65.1
4.9
17.5
31.5
105.7
9.1
17.5
28.7
11.9
140.0
140.0
39.9
24.5
10.5
10.5
10.5
4.9
6.3
25.9
10.5
84.7
9.1
35.7
48.3
140.0
2.1
10.5
140.0
23.1
45.5
14.7
24.5
140.0
28.7
27.3
16.1
59.5
140.0
10.5
13.3
6.3
70.7
4.9
3.5
140.0
140.0
140.0
16.1
11.9
11.9
140.0
9.1
102.9
41.3
45.5
42.7
140.0
140.0
140.0
76.3
0.7
17.5
18.9
21.7
13.3
3.5
38.5
3.5
74.9
35.7
3.5
9.1
140.0
23.1
140.0
140.0
7.7
140.0
18.9
140.0
140.0
38.5
11.9
13.3
3.5
7.7
100.1
32.9
3.5
104.3
59.5
140.0
140.0
9.1
0.7
7.7
3.5
23.1
119.7
140.0
31.5
10.5
44.1
34.3
13.3
6.3
30.1
11.9
2.1
140.0
140.0
6.3
10.5
3.5
6.3
2.1
35.7
14.7
16.1
16.1
35.7
24.5
140.0
10.5
9.1
6.3
23.1
11.9
7.7
7.7
51.1
46.9
9.1
10.5
30.1
16.1
28.7
2.1
11.9
14.7
38.5
140.0
10.5
25.9
11.9
2.1
18.9
140.0
13.3
4.9
7.7
42.7
11.9
17.5
9.1
140.0
140.0
18.9
2.1
6.3
3.5
6.3
46.9
9.1
7.7
18.9
67.9
14.7
31.5
20.3
9.1
4.9
7.7
9.1
10.5
4.9
9.1
21.7
18.9
16.1
3.5
4.9
13.3
3.5
13.3
35.7
58.1
6.3
11.9
16.1
35.7
4.9
24.5
13.3
13.3
11.9
45.5
14.7
32.9
14.7
6.3
6.3
35.7
2.1
6.3
34.3
10.5
18.9
7.7
14.7
14.7
32.9
37.1
20.3
24.5
140.0
10.5
31.5
11.9
38.5
38.5
4.9
13.3
6.3
45.5
4.9
14.7
39.9
17.5
10.5
13.3
11.9
24.5
30.1
7.7
48.3
6.3
14.7
4.9
140.0
6.3
13.3
23.1
10.5
32.9
11.9
66.5
16.1
10.5
6.3
9.1
70.7
18.9
4.9
10.5
21.7
6.3
3.5
37.1
16.1
25.9
39.9
14.7
90.3
6.3
16.1
25.9
9.1
17.5
17.5
39.9
37.1
3.5
9.1
24.5
23.1
6.3
140.0
9.1
35.7
13.3
6.3
27.3
32.9
32.9
140.0
6.3
7.7
2.1
69.3
11.9
44.1
31.5
2.1
24.5
7.7
16.1
67.9
6.3
52.5
27.3
25.9
34.3
20.3
23.1
140.0
11.9
140.0
7.7
17.5
118.3
30.1
27.3
11.9
18.9
7.7
11.9
25.9
7.7
13.3
58.1
65.1
18.9
34.3
11.9
10.5
6.3
6.3
3.5
28.7
9.1
9.1
23.1
6.3
14.7
0.7
16.1
140.0
3.5
32.9
16.1
16.1
23.1
41.3
6.3
17.5
140.0
3.5
140.0
9.1
11.9
28.7
14.7
94.5
10.5
4.9
17.5
34.3
55.3
17.5
98.7
21.7
18.9
14.7
32.9
11.9
53.9
35.7
11.9
7.7
7.7
4.9
83.3
37.1
140.0
140.0
6.3
14.7
21.7
7.7
16.1
16.1
37.1
14.7
65.1
10.5
23.1
9.1
27.3
35.7
7.7
45.5
18.9
18.9
23.1
7.7
11.9
7.7
14.7
10.5
7.7
20.3
4.9
51.1
28.7
13.3
14.7
27.3
17.5
27.3
4.9
18.9
11.9
140.0
17.5
18.9
27.3
24.5
140.0
14.7
34.3
16.1
17.5
10.5
13.3
17.5
25.9
10.5
52.5
9.1
21.7
25.9
13.3
34.3
31.5
140.0
11.9
27.3
7.7
14.7
18.9
13.3
35.7
59.5
3.5
23.1
11.9
11.9
10.5
55.3
9.1
28.7
25.9
7.7
7.7
4.9
4.9
37.1
0.7
9.1
140.0
17.5
11.9
27.3
20.3
10.5
9.1
65.1
2.1
11.9
48.3
6.3
27.3
10.5
17.5
7.7
140.0
9.1
31.5
21.7
140.0
16.1
16.1
140.0
30.1
11.9
9.1
6.3
6.3
23.1
13.3
9.1
27.3
3.5
140.0
25.9
6.3
102.9
18.9
32.9
7.7
10.5
6.3
28.7
140.0
7.7
14.7
23.1
30.1
140.0
11.9
44.1
11.9
18.9
14.7
7.7
31.5
55.3
140.0
30.1
17.5
23.1
73.5
11.9
21.7
9.1
16.1
21.7
140.0
7.7
37.1
14.7
4.9
39.9
58.1
11.9
13.3
17.5
4.9
17.5
13.3
140.0
6.3
23.1
7.7
4.9
6.3
34.3
7.7
7.7
21.7
20.3
3.5
11.9
16.1
16.1
21.7
31.5
30.1
9.1
62.3
37.1
30.1
3.5
42.7
34.3
4.9
16.1
11.9
70.7
17.5
3.5
24.5
37.1
11.9
9.1
6.3
11.9
140.0
3.5
6.3
42.7
11.9
14.7
16.1
140.0
3.5
41.3
13.3
14.7
11.9
140.0
11.9
38.5
11.9
52.5
6.3
23.1
14.7
10.5
102.9
38.5
109.9
35.7
24.5
23.1
6.3
20.3
6.3
21.7
25.9
27.3
18.9
81.9
21.7
13.3
13.3
4.9
0.7
28.7
30.1
2.1
140.0
28.7
107.1
11.9
10.5
14.7
27.3
95.9
4.9
16.1
7.7
10.5
140.0
17.5
4.9
2.1
0.7
28.7
140.0
4.9
9.1
4.9
7.7
20.3
9.1
13.3
11.9
16.1
38.5
9.1
17.5
13.3
69.3
3.5
62.3
31.5
13.3
51.1
2.1
3.5
2.1
24.5
17.5
13.3
9.1
140.0
28.7
7.7
31.5
17.5
6.3
20.3
21.7
140.0
9.1
20.3
87.5
27.3
13.3
11.9
9.1
7.7
20.3
69.3
13.3
48.3
11.9
41.3
34.3
23.1
11.9
13.3
9.1
4.9
4.9
9.1
10.5
14.7
2.1
10.5
16.1
6.3
11.9
20.3
23.1
6.3
9.1
13.3
6.3
140.0
4.9
0.7
37.1
9.1
2.1
7.7
16.1
41.3
11.9
25.9
35.7
21.7
6.3
6.3
18.9
140.0
2.1
21.7
94.5
9.1
0.7
11.9
10.5
10.5
9.1
140.0
34.3
28.7
10.5
18.9
16.1
9.1
28.7
14.7
38.5
13.3
0.7
48.3
21.7
16.1
31.5
9.1
14.7
37.1
9.1
2.1
83.3
7.7
52.5
35.7
79.1
74.9
3.5
3.5
16.1
18.9
16.1
10.5
10.5
41.3
18.9
55.3
10.5
42.7
4.9
25.9
24.5
17.5
24.5
13.3
7.7
42.7
2.1
21.7
13.3
11.9
10.5
27.3
23.1
18.9
7.7
0.7
14.7
9.1
16.1
6.3
2.1
9.1
45.5
21.7
6.3
3.5
91.7
18.9
41.3
0.7
30.1
4.9
140.0
13.3
10.5
20.3
41.3
116.9
9.1
16.1
23.1
17.5
10.5
3.5
7.7
37.1
18.9
140.0
32.9
27.3
11.9
20.3
32.9
0.7
7.7
10.5
13.3
24.5
14.7
11.9
65.1
70.7
27.3
6.3
140.0
13.3
10.5
2.1
21.7
70.7
9.1
16.1
7.7
17.5
18.9
4.9
37.1
10.5
34.3
2.1
6.3
86.1
13.3
37.1
7.7
9.1
101.5
140.0
11.9
34.3
14.7
11.9
18.9
14.7
10.5
81.9
3.5
2.1
25.9
4.9
9.1
14.7
9.1
13.3
31.5
48.3
13.3
20.3
13.3
4.9
16.1
6.3
20.3
107.1
13.3
9.1
21.7
11.9
17.5
10.5
108.5
21.7
21.7
3.5
23.1
25.9
4.9
13.3
10.5
4.9
37.1
17.5
11.9
9.1
13.3
20.3
28.7
25.9
17.5
27.3
4.9
3.5
87.5
11.9
3.5
7.7
140.0
32.9
2.1
62.3
2.1
140.0
11.9
70.7
4.9
25.9
25.9
25.9
6.3
41.3
9.1
14.7
7.7
6.3
10.5
14.7
14.7
10.5
69.3
11.9
20.3
10.5
16.1
10.5
140.0
7.7
7.7
9.1
14.7
63.7
39.9
102.9
25.9
7.7
16.1
10.5
10.5
2.1
11.9
21.7
23.1
73.5
14.7
24.5
4.9
20.3
27.3
2.1
16.1
23.1
6.3
14.7
95.9
10.5
21.7
4.9
23.1
23.1
3.5
4.9
6.3
24.5
16.1
32.9
14.7
25.9
6.3
140.0
7.7
9.1
35.7
6.3
20.3
30.1
140.0
4.9
52.5
10.5
21.7
7.7
10.5
16.1
18.9
0.7
9.1
9.1
16.1
4.9
6.3
37.1
21.7
9.1
11.9
6.3
59.5
32.9
14.7
38.5
34.3
83.3
24.5
3.5
4.9
45.5
18.9
20.3
9.1
37.1
14.7
9.1
4.9
14.7
14.7
140.0
2.1
30.1
9.1
31.5
20.3
140.0
38.5
20.3
6.3
31.5
3.5
74.9
10.5
140.0
10.5
4.9
140.0
4.9
42.7
10.5
35.7
55.3
72.1
28.7
9.1
9.1
46.9
56.7
9.1
2.1
3.5
105.7
25.9
25.9
24.5
140.0
9.1
4.9
9.1
28.7
10.5
62.3
20.3
11.9
119.7
4.9
14.7
6.3
23.1
6.3
39.9
20.3
13.3
17.5
38.5
20.3
6.3
17.5
7.7
140.0
4.9
13.3
21.7
20.3
0.7
10.5
14.7
77.7
102.9
9.1
4.9
11.9
21.7
32.9
42.7
25.9
14.7
2.1
0.7
45.5
18.9
14.7
14.7
11.9
44.1
24.5
65.1
24.5
140.0
9.1
10.5
17.5
9.1
35.7
140.0
4.9
17.5
10.5
2.1
9.1
108.5
28.7
18.9
140.0
35.7
7.7
6.3
10.5
10.5
9.1
51.1
14.7
7.7
3.5
27.3
7.7
13.3
25.9
60.9
51.1
14.7
17.5
39.9
2.1
31.5
7.7
6.3
14.7
7.7
48.3
25.9
35.7
13.3
98.7
23.1
17.5
6.3
20.3
3.5
2.1
140.0
35.7
24.5
13.3
30.1
20.3
6.3
4.9
4.9
76.3
62.3
140.0
83.3
20.3
28.7
14.7
13.3
52.5
6.3
14.7
17.5
11.9
28.7
37.1
13.3
21.7
9.1
18.9
4.9
94.5
10.5
3.5
11.9
25.9
7.7
9.1
25.9
25.9
41.3
140.0
6.3
45.5
55.3
14.7
9.1
6.3
9.1
3.5
16.1
2.1
24.5
6.3
87.5
13.3
20.3
37.1
9.1
20.3
9.1
6.3
16.1
38.5
140.0
7.7
7.7
30.1
7.7
18.9
13.3
9.1
16.1
16.1
39.9
6.3
11.9
18.9
52.5
80.5
27.3
140.0
9.1
6.3
16.1
30.1
65.1
37.1
31.5
3.5
2.1
4.9
30.1
20.3
21.7
7.7
140.0
9.1
45.5
45.5
13.3
74.9
7.7
31.5
10.5
3.5
28.7
140.0
140.0
34.3
9.1
4.9
9.1
2.1
21.7
13.3
11.9
10.5
2.1
11.9
13.3
2.1
7.7
21.7
9.1
13.3
11.9
46.9
6.3
95.9
2.1
13.3
18.9
140.0
21.7
81.9
2.1
16.1
98.7
46.9
7.7
6.3
6.3
7.7
60.9
79.1
16.1
16.1
97.3
27.3
31.5
16.1
13.3
13.3
18.9
9.1
17.5
6.3
23.1
6.3
