5
8
6
4
5
2
1
14
4
14
8
2
4
3
5
4
2
4
4
4
0
5
4
5
3
4
2
44
2
5
3
2
98
9
9
7
4
2
5
7
2
43
98
2
2
4
6
4
2
11
98
2
12
3
2
3
2
10
5
9
8
82
3
6
12
3
15
3
98
2
4
6
3
5
4
4
7
3
7
0
98
2
3
2
3
5
8
7
6
3
98
19
5
28
98
11
18
2
42
6
4
3
3
3
98
3
6
2
2
8
8
16
3
6
6
9
12
2
6
8
21
5
2
11
8
98
98
50
4
2
23
8
98
2
98
4
2
6
13
18
9
98
3
1
8
11
5
98
57
6
1
26
2
4
98
2
6
4
98
3
9
98
6
63
52
77
6
98
2
24
10
9
2
11
7
5
8
7
10
2
7
98
8
98
2
2
5
4
7
3
10
3
6
2
5
15
5
2
5
3
2
3
98
98
1
46
3
2
4
19
98
98
98
7
3
5
41
98
3
3
3
6
2
4
8
5
98
5
2
3
6
3
3
98
47
5
3
4
2
8
3
5
8
6
9
3
5
6
98
10
5
5
7
3
4
6
3
17
2
2
3
98
4
2
19
3
98
4
98
47
3
5
6
2
3
2
4
18
7
15
3
3
3
4
7
98
6
3
13
8
15
13
4
2
1
2
4
98
5
5
36
60
6
2
98
3
3
8
11
6
44
2
2
5
5
98
5
2
5
10
3
2
9
8
11
2
6
2
7
3
19
8
3
2
98
3
29
9
2
2
10
6
4
6
98
6
2
10
9
5
7
98
98
98
7
98
3
1
27
3
9
14
98
10
3
98
3
3
40
83
3
6
9
98
8
8
9
4
12
3
98
6
3
3
3
5
98
19
35
9
6
7
4
98
7
5
16
3
4
6
4
7
31
75
3
5
7
98
98
3
98
98
2
4
38
43
2
4
46
98
5
2
10
4
5
23
9
11
3
6
98
8
7
73
3
98
5
3
11
12
2
98
3
10
3
3
98
3
98
6
16
2
9
2
98
4
2
98
18
8
47
2
98
98
98
4
4
2
7
22
6
20
4
4
3
11
39
39
4
98
98
4
98
5
4
3
98
98
5
6
16
5
5
13
4
7
6
98
3
98
98
2
98
27
3
29
3
7
5
6
3
6
13
5
98
98
16
3
3
2
3
28
2
9
18
4
5
26
98
8
3
9
2
3
1
7
67
9
3
2
8
3
6
98
1
23
2
2
3
3
3
7
36
1
3
2
6
98
3
4
3
4
12
30
5
22
5
8
3
7
79
5
6
2
21
98
51
38
4
98
2
19
4
16
6
2
2
98
4
5
7
4
6
98
5
3
40
98
98
98
2
6
52
5
98
98
34
4
2
98
3
2
10
98
4
9
4
3
5
3
38
4
2
44
6
98
98
98
3
3
62
9
98
6
98
3
98
22
3
98
3
6
5
2
2
3
3
98
6
98
11
3
6
8
6
86
8
9
6
3
7
27
15
4
2
2
98
14
30
32
3
19
6
28
98
2
4
15
4
98
7
18
3
8
2
24
5
24
98
11
98
56
2
3
98
6
47
19
3
98
98
3
4
6
3
1
3
2
98
0
5
3
5
98
4
98
3
98
11
2
9
98
98
98
2
4
3
3
8
4
7
7
4
22
98
7
10
8
7
17
3
16
98
2
5
14
98
2
7
98
2
3
98
2
2
24
5
6
4
6
5
2
6
44
37
98
14
22
6
15
34
4
18
2
12
6
14
2
4
6
3
98
6
4
66
4
4
16
98
9
3
7
3
98
98
38
98
98
2
3
33
5
2
98
2
2
3
3
3
9
4
2
2
4
19
3
14
2
4
63
11
98
2
3
5
3
7
10
7
6
6
98
60
4
4
3
98
2
98
19
2
13
8
4
1
42
4
98
20
1
33
3
30
98
5
37
28
16
24
13
4
23
98
4
98
9
8
7
2
9
85
38
98
9
31
98
70
98
17
11
12
2
11
7
36
8
12
16
4
12
15
9
1
4
3
4
58
11
11
3
37
3
98
3
5
18
5
30
3
10
2
4
3
98
21
98
98
98
5
2
60
98
6
22
3
3
3
98
98
15
3
5
6
3
72
3
3
2
8
48
8
5
6
41
2
3
34
3
6
69
6
3
2
32
4
5
3
5
8
98
2
66
7
5
98
14
10
38
6
2
98
7
45
17
9
2
19
2
4
3
7
5
98
6
23
43
3
3
98
6
6
6
7
7
11
6
6
85
1
11
34
6
1
21
8
3
27
9
3
46
3
8
98
7
98
3
9
15
5
98
5
12
5
98
10
5
5
7
7
8
3
4
3
5
8
7
6
48
48
98
7
7
98
7
4
5
82
2
3
16
6
98
18
6
17
2
98
1
5
44
88
6
3
3
4
4
70
3
9
11
21
4
4
11
19
9
64
5
4
2
5
8
66
2
2
9
4
1
25
8
89
7
3
3
98
2
3
7
3
15
12
3
2
4
10
4
4
4
10
9
4
7
0
66
6
98
57
12
2
89
98
10
3
6
7
98
7
22
98
4
7
4
14
5
3
5
5
3
2
6
21
4
8
92
3
4
4
98
6
74
50
17
3
98
2
4
0
98
14
12
5
8
98
2
3
11
98
11
25
38
3
12
98
5
98
6
4
14
25
98
10
2
27
45
10
35
6
6
8
7
98
11
98
17
18
8
98
4
2
9
7
31
33
3
10
4
15
7
33
3
4
9
3
10
98
4
46
98
3
8
98
4
66
6
28
7
4
38
3
80
5
78
9
11
89
3
4
98
5
16
6
98
98
4
4
8
54
98
7
4
3
8
12
86
11
3
1
3
6
4
6
5
8
3
3
29
2
28
19
98
2
3
98
4
2
3
98
5
8
5
22
3
51
6
24
2
98
98
98
4
1
5
72
22
5
8
28
3
36
11
3
7
16
98
8
43
98
6
2
6
4
28
2
98
8
8
6
98
18
2
98
15
9
98
98
3
98
7
5
2
10
6
71
2
18
2
6
3
2
10
8
5
9
4
4
10
98
98
2
8
2
8
0
68
8
8
3
3
5
3
5
2
10
98
16
3
27
98
4
15
6
98
17
6
98
9
60
98
7
7
98
5
5
3
98
3
5
3
1
98
3
7
18
3
98
11
3
3
2
98
98
10
2
98
98
98
4
5
3
6
35
3
6
3
3
4
14
3
22
12
4
39
5
98
3
3
6
13
10
10
22
28
98
3
6
10
4
5
3
43
98
28
27
98
9
98
9
4
56
8
0
55
2
18
51
3
9
98
14
4
4
98
98
2
5
5
8
5
10
98
10
4
33
98
98
98
1
6
2
5
19
6
98
90
5
3
98
13
98
17
6
8
98
98
24
17
98
3
4
5
20
4
98
3
7
7
2
3
10
98
5
4
6
53
98
3
98
3
98
8
86
3
3
44
2
0
7
70
26
21
4
5
7
98
20
10
46
6
10
98
8
8
5
98
24
5
3
17
5
2
2
30
98
9
0
3
6
98
4
8
98
10
6
21
16
98
7
98
22
16
25
3
9
7
98
14
6
98
9
8
98
5
2
9
7
98
98
18
5
9
3
98
7
2
98
5
4
98
8
4
98
7
10
8
51
2
8
98
98
7
2
77
10
5
3
3
2
68
26
98
8
98
10
47
8
98
6
41
3
98
26
6
19
3
8
4
43
98
18
2
23
98
40
3
98
3
3
9
8
43
2
98
9
98
20
13
0
98
5
5
5
2
14
4
3
3
7
7
3
3
3
4
17
98
5
33
3
34
98
6
98
74
2
34
10
8
5
98
2
75
11
2
7
2
12
2
8
32
35
77
2
3
4
98
1
15
98
98
8
4
3
2
9
2
13
5
13
10
6
2
8
97
4
5
3
8
4
2
48
2
6
7
7
98
8
2
3
98
15
98
98
16
9
4
54
7
19
26
98
29
8
74
71
2
15
5
5
10
98
10
3
3
3
11
74
3
3
4
3
98
17
98
91
84
22
8
7
26
4
12
3
98
2
98
3
2
4
38
5
98
15
20
78
98
8
3
20
8
5
98
9
98
3
5
34
12
16
13
4
21
8
5
4
98
8
4
98
98
6
29
32
6
3
4
15
4
11
3
75
8
4
6
8
4
98
92
4
98
13
10
56
3
3
5
4
41
6
57
63
0
3
3
7
5
3
8
1
3
98
45
59
7
98
26
59
98
44
2
57
98
8
6
9
98
4
5
8
9
3
9
32
4
4
98
3
6
10
12
98
4
3
98
17
2
98
94
5
98
33
7
3
7
98
98
5
6
98
24
2
98
5
2
98
98
98
5
22
6
98
2
3
98
98
98
12
6
98
11
17
2
54
1
4
3
5
5
3
98
98
79
98
7
3
98
98
8
5
2
4
98
2
3
2
98
8
8
11
41
27
4
6
5
7
98
6
6
5
4
3
1
3
2
3
9
98
5
19
5
98
3
62
8
98
98
2
40
9
98
21
73
98
98
3
8
88
7
2
3
4
27
98
3
19
19
77
9
98
4
3
2
29
3
53
10
46
43
6
13
9
2
8
8
8
28
98
8
98
98
3
36
3
98
98
3
4
98
5
3
3
