7.7
0.7
2.1
3.5
3.5
6.3
31.5
6.3
31.5
7.7
7.7
2.1
10.5
4.9
3.5
9.1
11.9
13.3
10.5
23.1
13.3
25.9
74.9
4.9
23.1
9.1
0.7
76.3
28.7
17.5
11.9
28.7
13.3
140.0
0.7
18.9
6.3
16.1
11.9
3.5
13.3
6.3
3.5
17.5
2.1
3.5
2.1
140.0
104.3
4.9
13.3
28.7
3.5
16.1
14.7
13.3
6.3
4.9
6.3
6.3
18.9
140.0
10.5
7.7
4.9
10.5
14.7
24.5
3.5
41.3
17.5
9.1
24.5
9.1
17.5
9.1
7.7
4.9
9.1
7.7
3.5
6.3
2.1
7.7
24.5
28.7
6.3
11.9
4.9
2.1
4.9
7.7
0.7
9.1
14.7
6.3
2.1
4.9
140.0
30.1
2.1
140.0
24.5
7.7
3.5
13.3
4.9
3.5
53.9
2.1
9.1
3.5
2.1
104.3
0.7
93.1
24.5
3.5
18.9
10.5
17.5
6.3
7.7
11.9
39.9
13.3
3.5
10.5
27.3
4.9
7.7
25.9
11.9
32.9
14.7
16.1
9.1
7.7
3.5
6.3
35.7
7.7
4.9
7.7
0.7
2.1
6.3
2.1
2.1
16.1
17.5
11.9
42.7
6.3
32.9
7.7
3.5
0.7
34.3
17.5
2.1
7.7
2.1
17.5
4.9
13.3
7.7
48.3
2.1
20.3
3.5
18.9
10.5
9.1
2.1
28.7
6.3
3.5
10.5
13.3
6.3
4.9
14.7
17.5
11.9
16.1
3.5
20.3
6.3
11.9
10.5
14.7
9.1
3.5
9.1
2.1
20.3
6.3
2.1
7.7
6.3
11.9
14.7
4.9
10.5
4.9
4.9
48.3
2.1
6.3
4.9
17.5
17.5
23.1
7.7
10.5
4.9
11.9
17.5
7.7
140.0
6.3
2.1
13.3
7.7
2.1
6.3
0.7
2.1
3.5
60.9
2.1
16.1
20.3
6.3
7.7
4.9
2.1
2.1
35.7
6.3
4.9
9.1
3.5
10.5
9.1
4.9
27.3
63.7
38.5
27.3
45.5
44.1
18.9
0.7
3.5
21.7
6.3
2.1
4.9
2.1
13.3
31.5
20.3
44.1
4.9
25.9
24.5
16.1
9.1
2.1
11.9
2.1
6.3
0.7
9.1
9.1
2.1
4.9
2.1
9.1
37.1
62.3
3.5
2.1
11.9
4.9
11.9
6.3
2.1
9.1
13.3
3.5
3.5
14.7
3.5
4.9
4.9
7.7
3.5
3.5
24.5
28.7
11.9
2.1
21.7
2.1
2.1
4.9
11.9
4.9
91.7
93.1
13.3
2.1
21.7
6.3
14.7
0.7
4.9
24.5
2.1
10.5
17.5
14.7
11.9
7.7
3.5
20.3
4.9
31.5
20.3
7.7
3.5
6.3
27.3
76.3
7.7
30.1
3.5
4.9
11.9
23.1
28.7
23.1
9.1
10.5
4.9
6.3
2.1
6.3
53.9
3.5
11.9
13.3
11.9
6.3
140.0
10.5
14.7
4.9
53.9
7.7
6.3
10.5
14.7
13.3
31.5
30.1
30.1
42.7
7.7
6.3
3.5
4.9
7.7
6.3
13.3
2.1
48.3
6.3
140.0
115.5
9.1
31.5
38.5
0.7
28.7
98.7
7.7
2.1
6.3
18.9
14.7
2.1
10.5
42.7
17.5
2.1
2.1
6.3
3.5
13.3
25.9
11.9
10.5
94.5
38.5
70.7
30.1
9.1
35.7
101.5
6.3
6.3
4.9
9.1
39.9
3.5
13.3
3.5
28.7
4.9
4.9
18.9
6.3
16.1
24.5
10.5
2.1
20.3
14.7
13.3
6.3
24.5
6.3
4.9
3.5
25.9
9.1
24.5
9.1
4.9
42.7
4.9
16.1
6.3
11.9
14.7
3.5
140.0
23.1
9.1
6.3
59.5
9.1
55.3
6.3
2.1
4.9
2.1
28.7
16.1
9.1
13.3
14.7
9.1
13.3
34.3
9.1
24.5
39.9
30.1
6.3
4.9
2.1
6.3
6.3
9.1
14.7
3.5
4.9
10.5
7.7
4.9
44.1
38.5
4.9
18.9
6.3
16.1
2.1
20.3
28.7
52.5
48.3
37.1
4.9
6.3
6.3
81.9
6.3
14.7
70.7
7.7
28.7
35.7
18.9
39.9
80.5
140.0
18.9
3.5
20.3
23.1
7.7
11.9
16.1
4.9
11.9
25.9
16.1
3.5
3.5
11.9
3.5
2.1
34.3
3.5
13.3
7.7
20.3
140.0
17.5
14.7
55.3
9.1
38.5
28.7
11.9
7.7
2.1
45.5
3.5
4.9
6.3
9.1
10.5
18.9
49.7
10.5
70.7
6.3
3.5
88.9
7.7
87.5
28.7
6.3
24.5
6.3
46.9
53.9
6.3
3.5
14.7
60.9
6.3
10.5
14.7
2.1
14.7
10.5
3.5
20.3
16.1
108.5
18.9
2.1
34.3
44.1
7.7
9.1
10.5
20.3
2.1
2.1
140.0
24.5
4.9
3.5
3.5
23.1
3.5
23.1
9.1
52.5
16.1
55.3
39.9
3.5
18.9
6.3
60.9
17.5
4.9
6.3
51.1
32.9
140.0
3.5
16.1
24.5
34.3
31.5
34.3
20.3
2.1
9.1
24.5
69.3
9.1
4.9
3.5
6.3
10.5
14.7
102.9
10.5
10.5
2.1
10.5
21.7
6.3
4.9
9.1
9.1
27.3
14.7
109.9
3.5
23.1
16.1
3.5
3.5
48.3
6.3
3.5
10.5
20.3
30.1
84.7
11.9
4.9
13.3
10.5
0.7
6.3
18.9
11.9
2.1
60.9
9.1
2.1
13.3
11.9
16.1
66.5
10.5
2.1
2.1
2.1
56.7
14.7
14.7
9.1
4.9
10.5
16.1
3.5
4.9
14.7
10.5
13.3
4.9
13.3
65.1
2.1
6.3
3.5
51.1
7.7
39.9
24.5
91.7
32.9
9.1
4.9
10.5
2.1
7.7
13.3
13.3
17.5
108.5
9.1
69.3
3.5
20.3
3.5
18.9
37.1
9.1
140.0
9.1
18.9
13.3
3.5
18.9
4.9
14.7
53.9
6.3
7.7
11.9
140.0
3.5
24.5
6.3
25.9
140.0
21.7
2.1
13.3
23.1
21.7
23.1
24.5
10.5
21.7
4.9
4.9
34.3
3.5
55.3
53.9
3.5
9.1
21.7
7.7
25.9
44.1
3.5
21.7
13.3
3.5
140.0
3.5
3.5
10.5
18.9
2.1
21.7
2.1
10.5
9.1
41.3
25.9
18.9
14.7
21.7
7.7
9.1
14.7
0.7
3.5
13.3
4.9
3.5
2.1
140.0
140.0
13.3
38.5
31.5
7.7
0.7
38.5
10.5
69.3
3.5
35.7
140.0
4.9
4.9
4.9
9.1
77.7
58.1
6.3
25.9
17.5
4.9
24.5
20.3
53.9
9.1
7.7
7.7
21.7
10.5
31.5
86.1
140.0
62.3
45.5
14.7
9.1
9.1
9.1
7.7
11.9
4.9
4.9
3.5
2.1
32.9
6.3
6.3
13.3
6.3
4.9
4.9
13.3
17.5
10.5
25.9
10.5
21.7
3.5
2.1
67.9
10.5
24.5
11.9
2.1
31.5
140.0
25.9
69.3
37.1
14.7
24.5
3.5
39.9
10.5
6.3
13.3
9.1
6.3
11.9
14.7
10.5
17.5
140.0
16.1
3.5
28.7
3.5
97.3
7.7
4.9
20.3
25.9
9.1
25.9
140.0
11.9
17.5
3.5
18.9
21.7
70.7
11.9
49.7
16.1
69.3
13.3
66.5
17.5
13.3
56.7
3.5
53.9
2.1
10.5
9.1
27.3
18.9
7.7
17.5
7.7
23.1
16.1
7.7
3.5
3.5
4.9
3.5
16.1
13.3
3.5
44.1
45.5
4.9
6.3
10.5
140.0
20.3
9.1
3.5
13.3
49.7
4.9
3.5
2.1
4.9
2.1
3.5
67.9
6.3
13.3
4.9
46.9
67.9
2.1
9.1
140.0
7.7
69.3
21.7
140.0
140.0
10.5
140.0
4.9
3.5
11.9
11.9
69.3
14.7
37.1
41.3
23.1
23.1
38.5
16.1
41.3
24.5
62.3
3.5
4.9
10.5
2.1
34.3
14.7
10.5
9.1
16.1
2.1
28.7
0.7
24.5
59.5
4.9
55.3
24.5
4.9
6.3
46.9
9.1
18.9
21.7
6.3
2.1
2.1
140.0
10.5
4.9
140.0
13.3
23.1
51.1
9.1
23.1
35.7
37.1
34.3
4.9
6.3
45.5
6.3
44.1
4.9
140.0
2.1
35.7
0.7
2.1
0.7
87.5
6.3
3.5
140.0
4.9
2.1
7.7
4.9
4.9
9.1
3.5
11.9
9.1
2.1
7.7
55.3
10.5
6.3
77.7
107.1
17.5
11.9
7.7
52.5
10.5
97.3
44.1
7.7
21.7
7.7
2.1
9.1
3.5
4.9
25.9
42.7
4.9
11.9
27.3
39.9
32.9
6.3
34.3
37.1
24.5
20.3
13.3
2.1
60.9
17.5
17.5
2.1
17.5
100.1
2.1
7.7
25.9
140.0
4.9
27.3
3.5
9.1
3.5
9.1
4.9
31.5
16.1
7.7
16.1
6.3
9.1
14.7
84.7
3.5
2.1
7.7
9.1
27.3
11.9
32.9
0.7
10.5
34.3
17.5
11.9
55.3
17.5
10.5
16.1
3.5
20.3
97.3
140.0
14.7
9.1
6.3
13.3
24.5
6.3
66.5
63.7
20.3
20.3
11.9
11.9
140.0
24.5
62.3
3.5
6.3
6.3
11.9
32.9
140.0
35.7
44.1
18.9
30.1
13.3
2.1
9.1
13.3
3.5
2.1
13.3
10.5
17.5
3.5
37.1
2.1
11.9
51.1
23.1
2.1
3.5
6.3
11.9
11.9
3.5
30.1
32.9
6.3
3.5
2.1
4.9
13.3
35.7
14.7
11.9
10.5
4.9
2.1
30.1
2.1
11.9
10.5
69.3
2.1
32.9
2.1
11.9
6.3
70.7
34.3
25.9
9.1
7.7
4.9
6.3
10.5
7.7
42.7
4.9
2.1
34.3
3.5
4.9
34.3
16.1
140.0
7.7
30.1
6.3
53.9
14.7
80.5
66.5
31.5
9.1
46.9
65.1
39.9
48.3
7.7
13.3
17.5
37.1
28.7
27.3
6.3
17.5
108.5
2.1
37.1
6.3
2.1
4.9
100.1
140.0
6.3
7.7
11.9
94.5
46.9
16.1
2.1
9.1
4.9
2.1
9.1
10.5
2.1
11.9
28.7
7.7
4.9
27.3
34.3
10.5
2.1
6.3
9.1
7.7
7.7
10.5
16.1
6.3
9.1
3.5
55.3
4.9
2.1
9.1
17.5
67.9
6.3
16.1
27.3
14.7
9.1
2.1
41.3
4.9
3.5
140.0
27.3
45.5
7.7
20.3
11.9
32.9
6.3
6.3
30.1
20.3
2.1
6.3
83.3
9.1
14.7
17.5
25.9
17.5
34.3
16.1
17.5
39.9
20.3
24.5
2.1
27.3
4.9
3.5
38.5
2.1
13.3
46.9
23.1
44.1
100.1
25.9
4.9
17.5
140.0
6.3
18.9
7.7
14.7
6.3
3.5
9.1
17.5
21.7
7.7
13.3
17.5
14.7
32.9
14.7
3.5
7.7
37.1
28.7
21.7
6.3
108.5
6.3
140.0
27.3
45.5
17.5
21.7
27.3
4.9
6.3
16.1
20.3
49.7
3.5
25.9
14.7
25.9
11.9
27.3
44.1
4.9
4.9
37.1
37.1
18.9
25.9
18.9
11.9
14.7
27.3
4.9
31.5
140.0
23.1
116.9
18.9
140.0
31.5
51.1
24.5
116.9
32.9
48.3
140.0
30.1
48.3
16.1
13.3
30.1
9.1
9.1
14.7
6.3
13.3
107.1
58.1
28.7
20.3
4.9
21.7
44.1
9.1
42.7
6.3
0.7
10.5
16.1
6.3
23.1
7.7
16.1
20.3
48.3
30.1
3.5
140.0
9.1
24.5
7.7
17.5
140.0
10.5
7.7
10.5
62.3
13.3
73.5
27.3
3.5
30.1
20.3
45.5
13.3
16.1
27.3
65.1
9.1
73.5
77.7
11.9
28.7
17.5
24.5
18.9
27.3
18.9
140.0
9.1
16.1
4.9
7.7
23.1
37.1
35.7
140.0
6.3
140.0
14.7
102.9
6.3
2.1
41.3
23.1
6.3
104.3
3.5
34.3
6.3
4.9
28.7
14.7
45.5
3.5
17.5
3.5
7.7
13.3
7.7
9.1
51.1
41.3
140.0
14.7
18.9
17.5
11.9
0.7
21.7
7.7
4.9
9.1
72.1
14.7
4.9
7.7
3.5
3.5
17.5
20.3
31.5
39.9
14.7
11.9
37.1
101.5
27.3
140.0
38.5
41.3
140.0
55.3
10.5
21.7
14.7
7.7
23.1
38.5
31.5
45.5
27.3
3.5
4.9
140.0
20.3
23.1
20.3
18.9
24.5
14.7
140.0
17.5
13.3
31.5
16.1
58.1
45.5
18.9
10.5
30.1
9.1
9.1
6.3
10.5
3.5
11.9
66.5
140.0
9.1
6.3
63.7
3.5
23.1
7.7
140.0
21.7
37.1
24.5
140.0
10.5
25.9
18.9
9.1
37.1
67.9
20.3
16.1
16.1
7.7
140.0
32.9
45.5
10.5
140.0
37.1
31.5
21.7
10.5
44.1
11.9
18.9
17.5
10.5
10.5
58.1
140.0
28.7
16.1
28.7
21.7
6.3
17.5
11.9
109.9
9.1
45.5
17.5
3.5
10.5
58.1
140.0
11.9
4.9
6.3
45.5
14.7
44.1
6.3
18.9
56.7
13.3
87.5
6.3
45.5
11.9
2.1
24.5
37.1
10.5
11.9
13.3
16.1
14.7
32.9
140.0
44.1
21.7
3.5
17.5
53.9
11.9
6.3
7.7
3.5
46.9
65.1
31.5
46.9
140.0
13.3
10.5
56.7
140.0
21.7
4.9
21.7
14.7
45.5
7.7
18.9
37.1
32.9
20.3
7.7
14.7
58.1
11.9
27.3
140.0
7.7
39.9
114.1
13.3
6.3
13.3
21.7
87.5
14.7
49.7
17.5
25.9
23.1
9.1
4.9
39.9
28.7
14.7
140.0
2.1
140.0
24.5
41.3
11.9
140.0
12.6
1.4
2.8
14.0
19.6
16.8
1.4
1.4
7.0
8.4
2.8
68.6
19.6
1.4
15.4
140.0
39.2
7.0
18.2
22.4
140.0
44.8
5.6
33.6
50.4
1.4
7.0
7.0
5.6
2.8
2.8
35.0
7.0
60.2
35.0
1.4
2.8
2.8
1.4
11.2
107.8
40.6
5.6
29.4
5.6
5.6
140.0
4.2
11.2
22.4
35.0
44.8
50.4
78.4
1.4
2.8
11.2
71.4
36.4
1.4
19.6
2.8
26.6
140.0
68.6
40.6
29.4
15.4
4.2
71.4
7.0
28.0
2.8
4.2
15.4
112.0
1.4
25.2
28.0
4.2
11.2
18.2
21.0
67.2
5.6
22.4
123.2
5.6
2.8
9.8
12.6
15.4
4.2
57.4
7.0
25.2
7.0
2.8
2.8
16.8
140.0
