7.0
1.4
1.4
4.2
2.8
4.2
14.0
21.0
7.0
2.8
18.2
2.8
9.8
15.4
140.0
12.6
8.4
12.6
16.8
23.8
5.6
11.2
5.6
5.6
15.4
9.8
1.4
11.2
7.0
11.2
15.4
9.8
5.6
35.0
1.4
15.4
8.4
19.6
9.8
11.2
26.6
9.8
4.2
12.6
1.4
2.8
1.4
7.0
7.0
4.2
11.2
4.2
4.2
14.0
14.0
19.6
7.0
14.0
5.6
77.0
14.0
14.0
5.6
8.4
4.2
5.6
16.8
12.6
2.8
5.6
106.4
16.8
12.6
5.6
7.0
16.8
7.0
7.0
8.4
7.0
29.4
14.0
1.4
5.6
18.2
7.0
7.0
18.2
4.2
1.4
22.4
4.2
1.4
9.8
18.2
7.0
1.4
7.0
12.6
7.0
30.8
14.0
23.8
7.0
2.8
5.6
46.2
2.8
37.8
1.4
16.8
4.2
16.8
53.2
1.4
50.4
11.2
4.2
36.4
19.6
16.8
11.2
26.6
7.0
8.4
5.6
9.8
15.4
14.0
22.4
19.6
7.0
1.4
1.4
14.0
1.4
11.2
8.4
2.8
12.6
32.2
12.6
11.2
16.8
1.4
2.8
140.0
4.2
23.8
28.0
22.4
8.4
12.6
5.6
14.0
16.8
103.6
1.4
19.6
51.8
16.8
32.2
2.8
5.6
61.6
14.0
4.2
5.6
1.4
28.0
2.8
11.2
7.0
12.6
1.4
9.8
11.2
15.4
12.6
18.2
14.0
16.8
37.8
5.6
16.8
19.6
14.0
18.2
21.0
7.0
11.2
100.8
18.2
4.2
15.4
2.8
14.0
46.2
1.4
11.2
2.8
36.4
15.4
7.0
140.0
22.4
9.8
29.4
1.4
22.4
5.6
9.8
18.2
36.4
9.8
19.6
5.6
16.8
12.6
18.2
23.8
8.4
2.8
74.2
9.8
1.4
8.4
1.4
2.8
7.0
58.8
12.6
7.0
8.4
8.4
9.8
21.0
12.6
2.8
4.2
7.0
9.8
8.4
4.2
2.8
11.2
4.2
18.2
61.6
19.6
9.8
25.2
32.2
8.4
1.4
4.2
14.0
7.0
2.8
26.6
1.4
22.4
18.2
28.0
74.2
4.2
18.2
32.2
43.4
5.6
12.6
15.4
1.4
18.2
1.4
9.8
4.2
1.4
18.2
2.8
5.6
28.0
18.2
5.6
18.2
16.8
11.2
9.8
4.2
22.4
11.2
15.4
11.2
15.4
4.2
12.6
4.2
7.0
16.8
2.8
42.0
16.8
12.6
2.8
1.4
21.0
5.6
1.4
5.6
11.2
5.6
8.4
5.6
16.8
2.8
26.6
89.6
9.8
9.8
5.6
5.6
1.4
16.8
18.2
15.4
21.0
50.4
22.4
15.4
5.6
19.6
56.0
128.8
29.4
4.2
32.2
21.0
15.4
12.6
7.0
7.0
12.6
8.4
8.4
77.0
7.0
35.0
14.0
8.4
9.8
11.2
68.6
2.8
7.0
11.2
14.0
43.4
8.4
37.8
11.2
5.6
12.6
18.2
7.0
16.8
140.0
12.6
19.6
19.6
15.4
30.8
16.8
18.2
9.8
19.6
57.4
5.6
8.4
1.4
11.2
70.0
2.8
110.6
16.8
18.2
25.2
1.4
15.4
140.0
8.4
2.8
9.8
19.6
15.4
1.4
19.6
102.2
21.0
2.8
12.6
14.0
4.2
12.6
21.0
9.8
21.0
50.4
12.6
92.4
5.6
5.6
9.8
36.4
7.0
140.0
23.8
32.2
9.8
4.2
8.4
2.8
7.0
5.6
18.2
9.8
15.4
16.8
12.6
11.2
1.4
4.2
4.2
12.6
11.2
22.4
12.6
46.2
2.8
126.0
5.6
7.0
95.2
61.6
9.8
60.2
5.6
9.8
40.6
4.2
40.6
2.8
11.2
42.0
12.6
8.4
4.2
5.6
5.6
2.8
7.0
19.6
7.0
29.4
11.2
18.2
9.8
5.6
5.6
11.2
15.4
26.6
61.6
23.8
5.6
8.4
2.8
8.4
9.8
7.0
7.0
5.6
5.6
11.2
7.0
23.8
19.6
15.4
32.2
9.8
28.0
21.0
2.8
7.0
23.8
30.8
8.4
9.8
9.8
9.8
11.2
18.2
8.4
21.0
18.2
64.4
56.0
1.4
19.6
51.8
19.6
4.2
8.4
7.0
11.2
2.8
14.0
4.2
14.0
5.6
4.2
39.2
39.2
7.0
18.2
8.4
7.0
2.8
7.0
4.2
14.0
11.2
5.6
37.8
14.0
9.8
7.0
15.4
11.2
4.2
7.0
7.0
1.4
53.2
9.8
12.6
5.6
19.6
5.6
2.8
70.0
16.8
11.2
7.0
14.0
75.6
16.8
19.6
7.0
11.2
12.6
12.6
5.6
7.0
26.6
7.0
16.8
8.4
11.2
15.4
11.2
23.8
77.0
5.6
19.6
12.6
4.2
23.8
9.8
1.4
29.4
56.0
16.8
25.2
8.4
18.2
2.8
140.0
44.8
23.8
4.2
2.8
9.8
18.2
5.6
16.8
140.0
14.0
14.0
11.2
33.6
5.6
12.6
9.8
30.8
15.4
12.6
8.4
21.0
16.8
64.4
11.2
15.4
9.8
22.4
15.4
18.2
11.2
2.8
7.0
5.6
40.6
8.4
21.0
18.2
9.8
12.6
23.8
11.2
18.2
8.4
2.8
7.0
18.2
16.8
4.2
12.6
5.6
16.8
84.0
8.4
8.4
11.2
15.4
4.2
12.6
21.0
22.4
4.2
18.2
19.6
11.2
7.0
12.6
21.0
5.6
9.8
1.4
11.2
26.6
15.4
2.8
14.0
5.6
92.4
4.2
4.2
46.2
9.8
58.8
4.2
25.2
15.4
15.4
9.8
7.0
9.8
11.2
19.6
22.4
21.0
4.2
15.4
4.2
9.8
35.0
7.0
51.8
4.2
8.4
7.0
14.0
12.6
46.2
14.0
25.2
14.0
1.4
2.8
8.4
5.6
23.8
11.2
5.6
23.8
105.0
4.2
53.2
4.2
11.2
4.2
11.2
43.4
26.6
7.0
9.8
22.4
9.8
11.2
4.2
4.2
4.2
9.8
23.8
14.0
4.2
22.4
8.4
11.2
7.0
5.6
63.0
16.8
2.8
140.0
11.2
4.2
25.2
9.8
12.6
1.4
23.8
5.6
12.6
5.6
57.4
11.2
2.8
11.2
14.0
12.6
16.8
5.6
28.0
28.0
63.0
25.2
15.4
12.6
21.0
140.0
5.6
18.2
19.6
32.2
21.0
12.6
5.6
9.8
44.8
14.0
22.4
22.4
7.0
5.6
7.0
14.0
22.4
40.6
26.6
44.8
12.6
140.0
5.6
8.4
15.4
44.8
15.4
2.8
4.2
25.2
7.0
9.8
18.2
7.0
11.2
140.0
21.0
37.8
140.0
68.6
8.4
15.4
9.8
14.0
14.0
11.2
81.2
8.4
5.6
11.2
23.8
7.0
140.0
140.0
18.2
7.0
140.0
11.2
30.8
19.6
22.4
8.4
8.4
21.0
4.2
5.6
5.6
5.6
12.6
7.0
7.0
29.4
4.2
5.6
4.2
7.0
11.2
7.0
21.0
28.0
14.0
140.0
37.8
44.8
11.2
19.6
21.0
75.6
16.8
18.2
5.6
18.2
140.0
12.6
26.6
12.6
9.8
5.6
26.6
2.8
63.0
9.8
8.4
37.8
4.2
16.8
2.8
14.0
16.8
30.8
7.0
8.4
21.0
5.6
140.0
36.4
40.6
5.6
23.8
12.6
5.6
12.6
12.6
4.2
28.0
9.8
2.8
98.0
11.2
82.6
32.2
8.4
9.8
18.2
2.8
2.8
12.6
12.6
11.2
29.4
1.4
4.2
9.8
11.2
15.4
4.2
8.4
42.0
4.2
140.0
21.0
19.6
11.2
35.0
12.6
5.6
11.2
140.0
22.4
11.2
2.8
25.2
140.0
7.0
7.0
14.0
5.6
23.8
5.6
18.2
9.8
140.0
36.4
22.4
68.6
5.6
7.0
22.4
7.0
5.6
16.8
19.6
140.0
5.6
5.6
2.8
2.8
7.0
14.0
2.8
21.0
15.4
7.0
29.4
14.0
11.2
7.0
11.2
25.2
15.4
7.0
7.0
11.2
1.4
4.2
2.8
14.0
11.2
12.6
26.6
11.2
1.4
16.8
37.8
5.6
18.2
14.0
25.2
15.4
25.2
5.6
140.0
51.8
5.6
1.4
12.6
32.2
21.0
8.4
89.6
11.2
19.6
2.8
8.4
5.6
8.4
9.8
61.6
5.6
4.2
8.4
5.6
11.2
7.0
4.2
25.2
4.2
7.0
2.8
1.4
50.4
4.2
4.2
119.0
5.6
2.8
72.8
5.6
7.0
26.6
12.6
5.6
8.4
2.8
4.2
37.8
4.2
8.4
7.0
12.6
26.6
8.4
28.0
5.6
7.0
9.8
22.4
14.0
36.4
11.2
54.6
18.2
4.2
26.6
16.8
9.8
50.4
2.8
8.4
82.6
11.2
5.6
8.4
12.6
11.2
30.8
14.0
14.0
11.2
23.8
16.8
47.6
7.0
86.8
5.6
54.6
9.8
7.0
5.6
29.4
4.2
7.0
140.0
40.6
12.6
28.0
9.8
78.4
16.8
7.0
11.2
47.6
19.6
28.0
7.0
12.6
37.8
9.8
7.0
63.0
1.4
9.8
9.8
37.8
12.6
35.0
4.2
30.8
29.4
25.2
21.0
12.6
9.8
8.4
5.6
14.0
2.8
5.6
49.0
16.8
35.0
7.0
40.6
26.6
7.0
50.4
9.8
18.2
2.8
18.2
140.0
26.6
33.6
67.2
8.4
12.6
5.6
140.0
9.8
7.0
2.8
11.2
19.6
1.4
19.6
5.6
16.8
23.8
4.2
1.4
11.2
22.4
19.6
26.6
30.8
16.8
7.0
16.8
47.6
7.0
5.6
8.4
2.8
49.0
16.8
9.8
4.2
7.0
9.8
16.8
5.6
7.0
30.8
11.2
22.4
7.0
36.4
26.6
140.0
2.8
16.8
7.0
116.2
1.4
12.6
9.8
18.2
18.2
8.4
140.0
7.0
19.6
37.8
4.2
22.4
4.2
2.8
49.0
8.4
26.6
9.8
7.0
22.4
35.0
30.8
18.2
9.8
28.0
5.6
30.8
7.0
7.0
140.0
26.6
140.0
8.4
21.0
15.4
11.2
4.2
9.8
22.4
12.6
63.0
40.6
140.0
28.0
14.0
107.8
5.6
9.8
21.0
16.8
42.0
11.2
4.2
2.8
36.4
35.0
9.8
4.2
23.8
21.0
11.2
5.6
15.4
16.8
29.4
8.4
12.6
16.8
19.6
15.4
21.0
28.0
8.4
7.0
28.0
8.4
22.4
21.0
22.4
8.4
12.6
26.6
8.4
14.0
5.6
8.4
25.2
2.8
26.6
5.6
14.0
26.6
19.6
25.2
9.8
8.4
140.0
5.6
19.6
25.2
9.8
29.4
29.4
63.0
30.8
40.6
4.2
8.4
15.4
12.6
140.0
4.2
25.2
36.4
85.4
19.6
2.8
140.0
5.6
12.6
28.0
1.4
15.4
12.6
7.0
72.8
22.4
5.6
5.6
8.4
9.8
26.6
140.0
11.2
16.8
11.2
15.4
128.8
19.6
51.8
12.6
7.0
25.2
21.0
19.6
8.4
4.2
7.0
18.2
26.6
18.2
5.6
16.8
8.4
8.4
43.4
32.2
11.2
7.0
8.4
22.4
7.0
16.8
28.0
50.4
23.8
15.4
15.4
8.4
9.8
7.0
12.6
14.0
11.2
33.6
19.6
9.8
84.0
9.8
14.0
8.4
16.8
19.6
37.8
23.8
7.0
8.4
14.0
8.4
18.2
140.0
22.4
14.0
29.4
15.4
25.2
18.2
15.4
7.0
18.2
14.0
8.4
12.6
8.4
8.4
35.0
35.0
7.0
21.0
7.0
7.0
15.4
9.8
15.4
12.6
18.2
1.4
5.6
9.8
15.4
4.2
28.0
9.8
15.4
16.8
7.0
1.4
12.6
19.6
37.8
5.6
14.0
63.0
140.0
21.0
22.4
9.8
58.8
16.8
39.2
29.4
5.6
21.0
21.0
7.0
51.8
1.4
92.4
8.4
140.0
23.8
14.0
11.2
18.2
18.2
14.0
21.0
12.6
11.2
121.8
37.8
11.2
16.8
33.6
7.0
18.2
28.0
5.6
130.2
8.4
22.4
15.4
16.8
11.2
54.6
14.0
9.8
29.4
18.2
28.0
4.2
8.4
26.6
16.8
15.4
8.4
49.0
16.8
11.2
9.8
9.8
39.2
9.8
14.0
9.8
12.6
74.2
4.2
8.4
8.4
12.6
4.2
15.4
8.4
9.8
14.0
8.4
5.6
4.2
18.2
16.8
28.0
26.6
26.6
11.2
23.8
5.6
26.6
29.4
40.6
11.2
39.2
40.6
4.2
25.2
14.0
37.8
140.0
32.2
43.4
18.2
2.8
18.2
42.0
19.6
11.2
19.6
8.4
7.0
28.0
7.0
7.0
15.4
9.8
8.4
19.6
12.6
140.0
60.2
21.0
25.2
14.0
18.2
16.8
5.6
25.2
8.4
56.0
5.6
5.6
11.2
29.4
23.8
4.2
8.4
8.4
15.4
8.4
12.6
4.2
22.4
16.8
9.8
15.4
50.4
39.2
29.4
18.2
9.8
9.8
21.0
9.8
9.8
23.8
140.0
23.8
4.2
12.6
18.2
29.4
9.8
5.6
21.0
4.2
7.0
15.4
50.4
8.4
14.0
5.6
43.4
140.0
7.0
9.8
11.2
72.8
14.0
9.8
29.4
11.2
140.0
5.6
9.8
18.2
84.0
12.6
11.2
21.0
5.6
11.2
18.2
9.8
40.6
14.0
12.6
5.6
117.6
8.4
140.0
21.0
18.2
51.8
42.0
7.0
21.0
140.0
11.2
7.0
12.6
50.4
96.6
8.4
30.8
35.0
4.2
9.8
81.2
8.4
70.0
26.6
11.2
14.0
46.2
67.2
11.2
4.2
8.4
12.6
28.0
29.4
12.6
33.6
22.4
23.8
30.8
54.6
71.4
8.4
9.8
140.0
8.4
21.0
18.2
7.0
9.8
14.0
16.8
5.6
9.8
14.0
51.8
12.6
5.6
5.6
44.8
5.6
35.0
15.4
16.8
23.8
30.8
16.8
15.4
25.2
9.8
10.5
9.1
2.1
4.9
27.3
17.5
2.1
3.5
6.3
11.9
7.7
3.5
10.5
4.9
11.9
16.1
38.5
6.3
18.9
14.7
9.1
20.3
4.9
0.7
11.9
0.7
7.7
2.1
9.1
4.9
21.7
6.3
51.1
17.5
2.1
10.5
4.9
2.1
17.5
7.7
62.3
3.5
44.1
6.3
17.5
6.3
31.5
23.1
7.7
18.9
0.7
44.1
39.9
20.3
16.1
13.3
13.3
14.7
3.5
3.5
11.9
6.3
6.3
87.5
21.7
23.1
23.1
4.9
3.5
11.9
0.7
39.9
2.1
10.5
140.0
32.9
2.1
3.5
38.5
6.3
10.5
7.7
7.7
9.1
6.3
6.3
3.5
41.3
17.5
4.9
7.7
13.3
6.3
20.3
10.5
13.3
49.7
6.3
17.5
16.1
56.7
