1.75
28.35
140.0
140.0
0.35
3.15
42.35
140.0
26.95
12.95
3.15
11.55
14.35
7.35
1.75
26.95
92.75
7.35
108.15
1.75
21.35
57.75
140.0
140.0
0.35
140.0
8.75
85.75
140.0
57.75
75.95
140.0
1.75
59.15
38.15
140.0
52.15
140.0
38.15
140.0
56.35
3.15
140.0
8.75
22.75
7.35
140.0
140.0
103.95
10.15
5.95
140.0
140.0
78.75
60.55
33.95
26.95
0.35
140.0
29.75
18.55
24.15
57.75
140.0
4.55
32.55
29.75
12.95
4.55
140.0
5.95
7.35
0.35
140.0
140.0
38.15
96.95
140.0
4.55
29.75
59.15
3.15
15.75
22.75
140.0
24.15
25.55
24.15
140.0
24.15
0.35
140.0
17.15
140.0
82.95
140.0
140.0
29.75
140.0
1.75
140.0
84.35
25.55
140.0
140.0
15.75
25.55
140.0
140.0
53.55
24.15
91.35
89.95
105.35
70.35
25.55
140.0
95.55
140.0
29.75
31.15
60.55
24.15
1.75
4.55
12.95
1.75
35.35
14.35
140.0
15.75
1.75
12.95
18.55
140.0
4.55
40.95
140.0
17.15
140.0
140.0
14.35
140.0
4.55
140.0
140.0
50.75
4.55
140.0
140.0
140.0
140.0
140.0
46.55
140.0
26.95
99.75
10.15
140.0
140.0
140.0
124.95
140.0
10.15
49.35
10.15
140.0
15.75
82.95
140.0
140.0
4.55
1.75
5.95
140.0
140.0
35.35
140.0
108.15
140.0
12.95
1.75
39.55
140.0
140.0
140.0
140.0
10.15
73.15
140.0
5.95
140.0
126.35
7.35
140.0
15.75
7.35
67.55
29.75
52.15
18.55
140.0
140.0
53.55
3.15
140.0
140.0
140.0
140.0
56.35
5.95
5.95
15.75
140.0
140.0
78.75
3.15
98.35
36.75
140.0
1.75
28.35
94.15
18.55
140.0
54.95
7.35
140.0
140.0
3.15
43.75
140.0
32.55
45.15
140.0
140.0
5.95
140.0
24.15
56.35
68.95
1.75
5.95
116.55
140.0
109.55
140.0
1.75
1.75
26.95
80.15
140.0
45.15
140.0
84.35
80.15
109.55
11.55
140.0
5.95
24.15
82.95
140.0
92.75
12.95
108.15
14.35
61.95
15.75
15.75
140.0
140.0
98.35
31.15
33.95
7.35
12.95
109.55
140.0
1.75
124.95
140.0
70.35
21.35
140.0
140.0
50.75
10.15
140.0
12.95
140.0
15.75
140.0
103.95
1.75
140.0
99.75
18.55
3.15
140.0
12.95
42.35
122.15
43.75
11.55
140.0
140.0
15.75
15.75
21.35
22.75
3.15
3.15
119.35
52.15
140.0
102.55
7.35
85.75
7.35
140.0
140.0
60.55
140.0
18.55
7.35
140.0
140.0
140.0
140.0
140.0
28.35
3.15
64.75
7.35
119.35
66.15
15.75
140.0
1.75
25.55
8.75
36.75
14.35
7.35
140.0
46.55
140.0
140.0
5.95
33.95
29.75
108.15
68.95
36.75
140.0
5.95
140.0
10.15
18.55
53.55
38.15
29.75
119.35
35.35
8.75
5.95
140.0
0.35
140.0
5.95
140.0
10.15
140.0
45.15
42.35
140.0
31.15
47.95
3.15
68.95
140.0
7.35
140.0
18.55
105.35
140.0
35.35
95.55
140.0
5.95
67.55
140.0
140.0
140.0
98.35
74.55
140.0
140.0
140.0
26.95
60.55
18.55
140.0
22.75
140.0
73.15
31.15
18.55
24.15
29.75
67.55
140.0
38.15
15.75
140.0
7.35
3.15
115.15
38.15
140.0
0.35
140.0
8.75
21.35
96.95
106.75
140.0
140.0
140.0
19.95
15.75
140.0
31.15
45.15
140.0
140.0
12.95
4.55
140.0
140.0
4.55
140.0
33.95
1.75
140.0
5.95
24.15
140.0
25.55
80.15
109.55
140.0
5.95
38.15
52.15
7.35
29.75
140.0
140.0
60.55
60.55
7.35
32.55
80.15
92.75
140.0
140.0
11.55
67.55
0.35
140.0
140.0
3.15
8.75
1.75
68.95
95.55
15.75
1.75
140.0
140.0
31.15
140.0
3.15
15.75
0.35
19.95
140.0
140.0
7.35
1.75
38.15
15.75
61.95
11.55
140.0
63.35
140.0
98.35
140.0
140.0
140.0
38.15
31.15
15.75
39.55
3.15
140.0
11.55
85.75
11.55
140.0
140.0
140.0
140.0
0.35
18.55
52.15
14.35
5.95
10.15
92.75
115.15
98.35
10.15
140.0
129.15
140.0
5.95
60.55
59.15
7.35
140.0
140.0
140.0
38.15
140.0
3.15
26.95
26.95
19.95
1.75
40.95
29.75
140.0
11.55
10.15
14.35
42.35
54.95
1.75
26.95
4.55
8.75
14.35
140.0
140.0
18.55
3.15
85.75
10.15
66.15
17.15
80.15
68.95
140.0
42.35
33.95
38.15
21.35
10.15
140.0
4.55
140.0
24.15
25.55
35.35
5.95
1.75
4.55
91.35
140.0
98.35
140.0
140.0
18.55
140.0
3.15
140.0
43.75
28.35
140.0
1.75
17.15
5.95
3.15
140.0
85.75
47.95
45.15
10.15
11.55
140.0
67.55
22.75
39.55
24.15
140.0
140.0
140.0
1.75
140.0
5.95
98.35
29.75
18.55
140.0
140.0
102.55
31.15
60.55
61.95
140.0
17.15
39.55
140.0
140.0
140.0
43.75
140.0
67.55
50.75
21.35
10.15
113.75
5.95
140.0
126.35
12.95
89.95
33.95
7.35
60.55
38.15
43.75
50.75
64.75
18.55
140.0
24.15
1.75
1.75
74.55
140.0
45.15
0.35
102.55
73.15
49.35
12.95
140.0
140.0
3.15
42.35
115.15
140.0
7.35
140.0
4.55
77.35
4.55
140.0
3.15
140.0
140.0
17.15
70.35
1.75
50.75
47.95
43.75
140.0
140.0
18.55
19.95
140.0
15.75
140.0
1.75
87.15
140.0
140.0
40.95
140.0
35.35
33.95
53.55
140.0
109.55
4.55
17.15
140.0
89.95
3.15
140.0
140.0
74.55
8.75
25.55
19.95
140.0
33.95
140.0
31.15
19.95
140.0
140.0
11.55
5.95
26.95
140.0
140.0
140.0
71.75
140.0
140.0
12.95
22.75
1.75
94.15
140.0
33.95
81.55
15.75
140.0
140.0
140.0
140.0
10.15
68.95
70.35
5.95
33.95
43.75
5.95
19.95
40.95
140.0
31.15
35.35
4.55
92.75
35.35
140.0
54.95
140.0
140.0
74.55
56.35
140.0
40.95
140.0
63.35
8.75
25.55
82.95
82.95
140.0
15.75
140.0
12.95
14.35
4.55
140.0
47.95
140.0
52.15
140.0
88.55
140.0
140.0
140.0
140.0
45.15
140.0
140.0
140.0
7.35
17.15
140.0
25.55
18.55
140.0
12.95
108.15
140.0
140.0
140.0
63.35
140.0
10.15
140.0
91.35
39.55
140.0
140.0
19.95
140.0
140.0
140.0
42.35
140.0
25.55
140.0
8.75
140.0
1.75
140.0
31.15
7.35
8.75
140.0
38.15
140.0
1.75
10.15
99.75
8.75
80.15
11.55
24.15
42.35
140.0
140.0
140.0
61.95
140.0
140.0
42.35
140.0
140.0
46.55
46.55
11.55
80.15
61.95
140.0
140.0
89.95
140.0
140.0
15.75
140.0
140.0
140.0
8.75
108.15
140.0
140.0
39.55
140.0
140.0
140.0
42.35
80.15
53.55
32.55
4.55
35.35
123.55
140.0
10.15
140.0
140.0
140.0
77.35
8.75
140.0
26.95
140.0
140.0
46.55
11.55
11.55
109.55
19.95
24.15
140.0
7.35
95.55
140.0
140.0
140.0
3.15
81.55
24.15
140.0
45.15
33.95
140.0
140.0
1.75
117.95
105.35
140.0
126.35
140.0
102.55
140.0
140.0
14.35
17.15
140.0
43.75
140.0
25.55
140.0
47.95
12.95
140.0
4.55
140.0
140.0
70.35
140.0
71.75
140.0
5.95
14.35
59.15
140.0
19.95
24.15
140.0
61.95
40.95
3.15
43.75
140.0
140.0
66.15
29.75
140.0
87.15
126.35
54.95
140.0
140.0
73.15
140.0
140.0
1.75
140.0
140.0
140.0
140.0
140.0
140.0
140.0
140.0
54.95
25.55
140.0
140.0
21.35
140.0
89.95
45.15
11.55
140.0
75.95
38.15
140.0
87.15
19.95
43.75
140.0
43.75
4.55
140.0
140.0
73.15
140.0
140.0
140.0
126.35
140.0
140.0
5.95
64.75
140.0
140.0
18.55
29.75
67.55
140.0
43.75
11.55
140.0
70.35
31.15
140.0
140.0
140.0
140.0
140.0
140.0
14.35
46.55
14.35
140.0
140.0
19.95
17.15
140.0
140.0
140.0
29.75
10.15
46.55
140.0
39.55
140.0
50.75
140.0
8.75
140.0
140.0
140.0
64.75
46.55
33.95
140.0
36.75
140.0
140.0
140.0
36.75
140.0
140.0
140.0
140.0
35.35
140.0
140.0
60.55
140.0
4.55
71.75
140.0
31.15
140.0
140.0
84.35
140.0
26.95
140.0
31.15
53.55
120.75
140.0
61.95
140.0
29.75
140.0
140.0
103.95
94.15
8.75
80.15
12.95
108.15
140.0
8.75
85.75
140.0
18.55
26.95
14.35
140.0
15.75
3.15
74.55
49.35
140.0
140.0
95.55
25.55
70.35
140.0
140.0
140.0
140.0
3.15
140.0
39.55
47.95
82.95
3.15
32.55
140.0
26.95
5.95
39.55
8.75
45.15
140.0
122.15
35.35
28.35
106.75
140.0
140.0
140.0
18.55
18.55
67.55
140.0
5.95
140.0
140.0
11.55
42.35
63.35
29.75
81.55
33.95
140.0
19.95
57.75
140.0
18.55
26.95
140.0
140.0
12.95
60.55
80.15
43.75
140.0
4.55
28.35
140.0
140.0
66.15
26.95
112.35
140.0
140.0
140.0
140.0
140.0
46.55
140.0
84.35
140.0
122.15
11.55
103.95
73.15
15.75
45.15
140.0
140.0
92.75
117.95
140.0
14.35
140.0
12.95
140.0
140.0
140.0
64.75
98.35
56.35
140.0
140.0
140.0
140.0
28.35
140.0
11.55
8.75
54.95
140.0
35.35
52.15
18.55
0.7
4.9
18.9
0.7
140.0
16.1
18.9
140.0
46.9
6.3
6.3
27.3
140.0
45.5
140.0
14.7
16.1
58.1
2.1
6.3
140.0
140.0
97.3
140.0
34.3
140.0
37.1
140.0
4.9
51.1
2.1
23.1
140.0
140.0
25.9
140.0
6.3
140.0
140.0
13.3
3.5
17.5
73.5
140.0
140.0
140.0
3.5
41.3
16.1
42.7
7.7
23.1
140.0
70.7
140.0
109.9
140.0
140.0
18.9
0.7
7.7
56.7
10.5
9.1
3.5
55.3
4.9
2.1
140.0
45.5
4.9
91.7
62.3
27.3
87.5
10.5
140.0
140.0
44.1
14.7
2.1
107.1
25.9
140.0
140.0
140.0
53.9
48.3
140.0
140.0
140.0
46.9
140.0
48.3
83.3
140.0
140.0
140.0
11.9
140.0
20.3
88.9
4.9
140.0
7.7
7.7
58.1
63.7
18.9
140.0
13.3
21.7
28.7
2.1
140.0
4.9
140.0
0.7
2.1
3.5
140.0
140.0
23.1
49.7
140.0
20.3
70.7
13.3
140.0
2.1
88.9
11.9
10.5
55.3
32.9
10.5
0.7
56.7
140.0
140.0
20.3
2.1
140.0
21.7
6.3
118.3
3.5
140.0
6.3
31.5
3.5
4.9
140.0
76.3
93.1
72.1
140.0
25.9
140.0
9.1
42.7
28.7
17.5
48.3
63.7
21.7
140.0
76.3
72.1
81.9
140.0
140.0
79.1
7.7
140.0
32.9
140.0
11.9
13.3
140.0
23.1
59.5
2.1
34.3
23.1
140.0
115.5
62.3
25.9
140.0
140.0
24.5
140.0
9.1
9.1
140.0
18.9
35.7
140.0
73.5
7.7
140.0
140.0
7.7
140.0
140.0
20.3
25.9
0.7
140.0
21.7
140.0
140.0
16.1
21.7
140.0
66.5
140.0
17.5
140.0
140.0
37.1
2.1
56.7
97.3
31.5
51.1
118.3
79.1
53.9
140.0
81.9
31.5
21.7
140.0
140.0
67.9
13.3
27.3
126.7
140.0
27.3
107.1
140.0
95.9
140.0
140.0
6.3
140.0
30.1
140.0
11.9
109.9
140.0
140.0
140.0
76.3
25.9
31.5
30.1
16.1
16.1
17.5
9.1
140.0
140.0
0.7
2.1
121.1
31.5
70.7
10.5
4.9
11.9
114.1
140.0
140.0
21.7
27.3
24.5
0.7
94.5
140.0
65.1
140.0
10.5
25.9
3.5
2.1
140.0
140.0
140.0
13.3
140.0
140.0
39.9
51.1
13.3
0.7
4.9
140.0
140.0
7.7
140.0
56.7
140.0
0.7
11.9
108.5
24.5
2.1
123.9
140.0
42.7
14.7
9.1
51.1
108.5
140.0
87.5
24.5
17.5
140.0
45.5
6.3
18.9
140.0
2.1
125.3
140.0
81.9
11.9
2.1
140.0
0.7
140.0
60.9
4.9
7.7
44.1
140.0
38.5
140.0
118.3
140.0
2.1
11.9
140.0
140.0
4.9
73.5
3.5
98.7
70.7
31.5
44.1
88.9
140.0
140.0
23.1
140.0
28.7
25.9
35.7
3.5
140.0
140.0
32.9
140.0
140.0
25.9
23.1
115.5
42.7
140.0
23.1
41.3
140.0
7.7
20.3
9.1
140.0
24.5
140.0
4.9
42.7
13.3
140.0
3.5
98.7
42.7
90.3
105.7
140.0
10.5
18.9
77.7
35.7
9.1
140.0
42.7
6.3
140.0
101.5
74.9
140.0
42.7
7.7
140.0
51.1
30.1
140.0
140.0
17.5
140.0
2.1
63.7
44.1
140.0
34.3
0.7
128.1
51.1
140.0
17.5
34.3
21.7
140.0
11.9
24.5
30.1
140.0
65.1
42.7
48.3
0.7
45.5
67.9
38.5
44.1
140.0
37.1
140.0
104.3
27.3
140.0
140.0
140.0
74.9
18.9
3.5
27.3
48.3
3.5
140.0
140.0
140.0
32.9
62.3
140.0
3.5
140.0
49.7
37.1
30.1
13.3
16.1
14.7
44.1
45.5
140.0
39.9
2.1
76.3
10.5
140.0
140.0
140.0
9.1
37.1
24.5
17.5
37.1
11.9
140.0
140.0
140.0
140.0
30.1
46.9
140.0
140.0
140.0
140.0
80.5
140.0
53.9
114.1
13.3
41.3
14.7
17.5
140.0
32.9
31.5
17.5
3.5
53.9
140.0
140.0
42.7
88.9
91.7
2.1
140.0
4.9
10.5
35.7
20.3
41.3
140.0
140.0
38.5
4.9
108.5
25.9
140.0
62.3
17.5
140.0
140.0
0.7
140.0
140.0
65.1
140.0
37.1
140.0
122.5
140.0
45.5
42.7
51.1
140.0
24.5
16.1
70.7
11.9
140.0
4.9
6.3
46.9
97.3
4.9
24.5
32.9
140.0
7.7
140.0
7.7
2.1
31.5
58.1
16.1
140.0
30.1
69.3
140.0
140.0
9.1
32.9
3.5
28.7
140.0
11.9
24.5
91.7
65.1
44.1
140.0
21.7
122.5
79.1
140.0
25.9
11.9
46.9
73.5
30.1
16.1
4.9
140.0
52.5
140.0
25.9
18.9
97.3
94.5
140.0
140.0
102.9
18.9
25.9
2.1
2.1
140.0
7.7
16.1
32.9
18.9
70.7
7.7
140.0
140.0
140.0
35.7
140.0
140.0
11.9
140.0
9.1
140.0
10.5
109.9
16.1
140.0
67.9
62.3
16.1
140.0
11.9
140.0
14.7
