2.45
29.05
140.0
140.0
1.05
9.45
2.45
10.85
26.25
12.25
2.45
16.45
16.45
52.85
1.05
8.05
92.05
8.05
140.0
2.45
22.05
52.85
140.0
140.0
1.05
20.65
44.45
26.25
57.05
29.05
24.85
23.45
2.45
8.05
38.85
26.25
50.05
29.05
37.45
140.0
10.85
2.45
61.25
10.85
22.05
8.05
140.0
65.45
103.25
10.85
9.45
10.85
140.0
79.45
8.05
36.05
64.05
1.05
26.25
13.65
19.25
140.0
50.05
5.25
5.25
31.85
13.65
114.45
5.25
140.0
6.65
6.65
1.05
26.25
140.0
30.45
15.05
5.25
3.85
29.05
50.05
6.65
9.45
6.65
36.05
26.25
3.85
29.05
13.65
30.45
1.05
45.85
26.25
92.05
83.65
55.65
140.0
30.45
8.05
2.45
122.85
68.25
13.65
58.45
12.25
15.05
26.25
31.85
10.85
52.85
23.45
20.65
29.05
20.65
72.45
140.0
10.85
140.0
124.25
36.05
6.65
61.25
2.45
1.05
5.25
61.25
1.05
55.65
2.45
19.25
3.85
1.05
17.85
16.45
140.0
3.85
20.65
17.85
10.85
140.0
29.05
16.45
10.85
3.85
99.05
58.45
6.65
3.85
132.65
26.25
86.45
58.45
22.05
45.85
8.05
27.65
140.0
13.65
140.0
50.05
57.05
8.05
9.45
20.65
52.85
75.25
140.0
3.85
54.25
8.05
13.65
5.25
1.05
6.65
12.25
8.05
26.25
140.0
15.05
26.25
10.85
1.05
23.45
38.85
140.0
140.0
104.65
13.65
9.45
140.0
29.05
87.85
104.65
8.05
140.0
16.45
15.05
66.85
6.65
52.85
20.65
20.65
15.05
140.0
2.45
58.45
140.0
140.0
66.85
20.65
5.25
8.05
8.05
140.0
127.05
3.85
2.45
26.25
36.05
17.85
1.05
16.45
120.05
38.85
140.0
52.85
45.85
140.0
8.05
23.45
3.85
8.05
76.65
44.45
140.0
23.45
5.25
9.45
9.45
23.45
140.0
1.05
5.25
117.25
128.45
110.25
111.65
1.05
2.45
36.05
44.45
9.45
8.05
129.85
24.85
3.85
1.05
62.65
12.25
6.65
40.25
20.65
31.85
93.45
13.65
13.65
41.65
2.45
8.05
20.65
59.85
120.05
8.05
140.0
40.25
6.65
15.05
10.85
5.25
1.05
15.05
31.85
140.0
10.85
17.85
3.85
23.45
10.85
6.65
29.05
140.0
15.05
5.25
33.25
1.05
140.0
100.45
19.25
2.45
140.0
13.65
43.05
13.65
38.85
29.05
140.0
140.0
16.45
12.25
140.0
23.45
2.45
6.65
10.85
30.45
16.45
140.0
6.65
89.25
6.65
101.85
34.65
10.85
5.25
20.65
48.65
10.85
19.25
140.0
9.45
140.0
29.05
13.65
3.85
8.05
1.05
140.0
6.65
140.0
1.05
19.25
45.85
12.25
15.05
6.65
140.0
47.25
140.0
8.05
5.25
34.65
15.05
10.85
69.65
16.45
10.85
5.25
100.45
8.05
68.25
22.05
6.65
140.0
5.25
43.05
10.85
13.65
30.45
1.05
140.0
6.65
8.05
44.45
82.25
34.65
6.65
140.0
23.45
15.05
3.85
140.0
47.25
8.05
17.85
19.25
10.85
6.65
26.25
140.0
30.45
6.65
68.25
44.45
16.45
140.0
87.85
5.25
64.05
92.05
140.0
16.45
5.25
3.85
140.0
22.05
16.45
65.45
41.65
17.85
23.45
37.45
3.85
9.45
37.45
1.05
16.45
9.45
3.85
114.45
5.25
125.65
1.05
140.0
8.05
20.65
8.05
5.25
10.85
106.05
66.85
29.05
19.25
140.0
6.65
8.05
19.25
47.25
13.65
3.85
131.25
82.25
5.25
83.65
33.25
2.45
82.25
10.85
23.45
5.25
29.05
29.05
27.65
8.05
6.65
33.25
22.05
5.25
30.45
140.0
111.65
48.65
140.0
45.85
31.85
2.45
79.45
6.65
22.05
12.25
66.85
1.05
10.85
16.45
2.45
8.05
2.45
22.05
47.25
19.25
1.05
111.65
140.0
27.65
3.85
2.45
16.45
1.05
22.05
37.45
140.0
8.05
1.05
30.45
27.65
61.25
36.05
140.0
140.0
66.85
85.05
19.25
140.0
6.65
22.05
12.25
140.0
12.25
2.45
44.45
26.25
5.25
12.25
34.65
10.85
120.05
75.25
100.45
24.85
55.65
17.85
3.85
3.85
140.0
75.25
9.45
23.45
23.45
13.65
20.65
6.65
31.85
51.45
8.05
72.45
2.45
5.25
140.0
140.0
3.85
27.65
26.25
23.45
1.05
34.65
29.05
140.0
12.25
9.45
65.45
15.05
140.0
2.45
27.65
5.25
9.45
71.05
22.05
140.0
140.0
2.45
85.05
9.45
9.45
19.25
8.05
33.25
13.65
31.85
6.65
86.45
20.65
12.25
6.65
15.05
47.25
9.45
140.0
2.45
36.05
2.45
3.85
5.25
8.05
57.05
47.25
17.85
10.85
6.65
9.45
140.0
58.45
15.05
140.0
2.45
17.85
5.25
2.45
5.25
16.45
38.85
54.25
8.05
8.05
5.25
8.05
9.45
36.05
26.25
140.0
140.0
140.0
1.05
117.25
140.0
13.65
2.45
19.25
8.05
140.0
101.85
5.25
128.45
8.05
140.0
17.85
8.05
140.0
8.05
140.0
45.85
140.0
41.65
54.25
22.05
10.85
17.85
8.05
16.45
99.05
12.25
5.25
30.45
8.05
31.85
20.65
140.0
24.85
27.65
17.85
140.0
6.65
2.45
2.45
29.05
43.05
13.65
1.05
2.45
13.65
140.0
8.05
2.45
2.45
3.85
15.05
36.05
140.0
6.65
40.25
3.85
5.25
5.25
5.25
3.85
5.25
99.05
8.05
71.05
2.45
40.25
45.85
12.25
140.0
3.85
22.05
20.65
140.0
16.45
20.65
2.45
61.25
65.45
23.45
12.25
40.25
12.25
40.25
29.05
22.05
75.25
10.85
3.85
140.0
90.65
3.85
54.25
52.85
117.25
19.25
15.05
26.25
6.65
41.65
96.25
34.65
3.85
17.85
140.0
15.05
6.65
6.65
19.25
79.45
5.25
140.0
2.45
6.65
12.25
140.0
6.65
9.45
34.65
8.05
6.65
57.05
140.0
44.45
140.0
140.0
75.25
3.85
65.45
6.65
37.45
6.65
5.25
15.05
41.65
5.25
38.85
34.65
5.25
85.05
12.25
19.25
79.45
41.65
13.65
9.45
6.65
24.85
23.45
19.25
27.65
15.05
31.85
83.65
82.25
71.05
16.45
3.85
15.05
15.05
140.0
8.05
29.05
10.85
1.05
140.0
24.85
19.25
140.0
75.25
140.0
40.25
43.05
3.85
79.45
6.65
55.65
140.0
51.45
10.85
20.65
13.65
93.45
2.45
13.65
140.0
19.25
140.0
10.85
140.0
90.65
40.25
140.0
140.0
5.25
13.65
20.65
6.65
41.65
140.0
10.85
5.25
29.05
140.0
9.45
140.0
9.45
3.85
10.85
140.0
10.85
76.65
1.05
45.85
10.85
9.45
34.65
9.45
140.0
51.45
140.0
140.0
9.45
27.65
15.05
24.85
43.05
3.85
5.25
94.85
10.85
13.65
140.0
13.65
16.45
8.05
15.05
61.25
8.05
140.0
3.85
57.05
111.65
9.45
107.45
5.25
6.65
10.85
34.65
12.25
5.25
23.45
140.0
8.05
20.65
8.05
20.65
27.65
38.85
94.85
100.45
83.65
96.25
47.25
6.65
140.0
27.65
140.0
6.65
10.85
43.05
6.65
106.05
86.45
17.85
140.0
8.05
1.05
85.05
2.45
64.05
2.45
72.45
33.25
19.25
8.05
83.65
33.25
9.45
140.0
20.65
106.05
22.05
41.65
55.65
140.0
17.85
19.25
3.85
9.45
140.0
10.85
20.65
10.85
140.0
128.45
27.65
140.0
43.05
27.65
71.05
12.25
13.65
12.25
140.0
6.65
140.0
54.25
10.85
20.65
24.85
140.0
62.65
3.85
2.45
44.45
1.05
16.45
52.85
13.65
8.05
140.0
65.45
24.85
140.0
76.65
3.85
52.85
125.65
1.05
140.0
2.45
140.0
9.45
140.0
64.05
52.85
71.05
30.45
20.65
43.05
62.65
26.25
2.45
90.65
75.25
12.25
110.25
13.65
37.45
140.0
140.0
27.65
10.85
2.45
41.65
6.65
68.25
140.0
140.0
140.0
19.25
140.0
140.0
140.0
8.05
6.65
3.85
13.65
12.25
9.45
16.45
9.45
140.0
6.65
3.85
76.65
140.0
9.45
6.65
140.0
140.0
6.65
10.85
140.0
33.25
140.0
10.85
140.0
121.45
2.45
36.05
3.85
8.05
5.25
82.25
83.65
44.45
17.85
27.65
6.65
2.45
26.25
9.45
140.0
140.0
140.0
76.65
10.85
19.25
140.0
71.05
140.0
22.05
12.25
55.65
140.0
22.05
6.65
43.05
5.25
140.0
13.65
64.05
12.25
3.85
23.45
54.25
30.45
38.85
140.0
57.05
43.05
8.05
9.45
86.45
16.45
13.65
9.45
3.85
121.45
17.85
140.0
24.85
140.0
26.25
10.85
5.25
45.85
57.05
44.45
6.65
120.05
3.85
17.85
114.45
94.85
6.65
31.85
2.45
37.45
6.65
100.45
9.45
13.65
45.85
15.05
140.0
140.0
36.05
69.65
2.45
50.05
8.05
8.05
103.25
15.05
31.85
140.0
2.45
5.25
17.85
3.85
3.85
33.25
6.65
2.45
37.45
33.25
16.45
5.25
140.0
34.65
20.65
2.45
140.0
140.0
6.65
9.45
13.65
17.85
96.25
15.05
140.0
140.0
140.0
3.85
140.0
78.05
8.05
51.45
10.85
140.0
12.25
8.05
5.25
100.45
5.25
17.85
66.85
26.25
12.25
5.25
26.25
140.0
6.65
47.25
140.0
10.85
47.25
124.25
3.85
71.05
140.0
140.0
5.25
140.0
23.45
140.0
140.0
15.05
27.65
40.25
140.0
78.05
29.05
140.0
10.85
140.0
12.25
8.05
43.05
140.0
27.65
140.0
10.85
9.45
41.65
92.05
5.25
10.85
13.65
128.45
140.0
30.45
12.25
36.05
1.4
5.6
18.2
1.4
8.4
7.0
2.8
11.2
47.6
5.6
1.4
11.2
33.6
46.2
42.0
23.8
15.4
1.4
4.2
2.8
61.6
18.2
65.8
140.0
77.0
140.0
140.0
21.0
5.6
9.8
1.4
7.0
8.4
140.0
46.2
33.6
7.0
4.2
140.0
14.0
4.2
140.0
15.4
126.0
11.2
140.0
2.8
51.8
15.4
42.0
22.4
23.8
140.0
70.0
140.0
8.4
47.6
4.2
19.6
1.4
8.4
19.6
11.2
8.4
2.8
5.6
15.4
1.4
140.0
46.2
5.6
92.4
12.6
14.0
44.8
15.4
140.0
26.6
2.8
8.4
1.4
22.4
21.0
30.8
140.0
140.0
5.6
8.4
26.6
140.0
140.0
23.8
26.6
49.0
19.6
22.4
140.0
140.0
8.4
140.0
21.0
30.8
16.8
22.4
8.4
7.0
140.0
64.4
18.2
99.4
14.0
2.8
18.2
2.8
18.2
4.2
140.0
1.4
1.4
4.2
11.2
22.4
5.6
32.2
9.8
21.0
7.0
11.2
4.2
1.4
88.2
78.4
16.8
19.6
32.2
9.8
1.4
57.4
18.2
61.6
14.0
2.8
51.8
40.6
25.2
7.0
2.8
57.4
5.6
43.4
4.2
5.6
140.0
79.8
2.8
12.6
12.6
14.0
5.6
9.8
7.0
12.6
18.2
18.2
117.6
12.6
140.0
18.2
68.6
140.0
7.0
47.6
140.0
8.4
28.0
35.0
12.6
4.2
44.8
109.2
14.0
54.6
2.8
36.4
30.8
140.0
29.4
8.4
26.6
140.0
140.0
2.8
140.0
9.8
1.4
140.0
2.8
16.8
29.4
93.8
9.8
140.0
140.0
8.4
50.4
140.0
14.0
9.8
5.6
56.0
12.6
140.0
2.8
21.0
21.0
140.0
28.0
8.4
19.6
29.4
1.4
37.8
2.8
35.0
140.0
15.4
2.8
12.6
86.8
22.4
5.6
51.8
35.0
21.0
140.0
140.0
30.8
51.8
26.6
7.0
57.4
140.0
4.2
25.2
15.4
71.4
140.0
7.0
140.0
49.0
26.6
12.6
51.8
23.8
1.4
7.0
103.6
63.0
15.4
32.2
25.2
12.6
11.2
9.8
140.0
140.0
1.4
1.4
61.6
9.8
70.0
28.0
5.6
5.6
114.8
140.0
140.0
18.2
5.6
25.2
1.4
14.0
140.0
25.2
22.4
9.8
29.4
4.2
2.8
124.6
140.0
140.0
14.0
140.0
32.2
47.6
7.0
14.0
1.4
9.8
11.2
61.6
11.2
70.0
57.4
127.4
1.4
12.6
140.0
25.2
140.0
1.4
12.6
51.8
15.4
39.2
8.4
14.0
40.6
26.6
23.8
12.6
14.0
50.4
7.0
16.8
23.8
2.8
22.4
75.6
2.8
19.6
32.2
30.8
1.4
99.4
28.0
5.6
140.0
11.2
63.0
40.6
140.0
56.0
18.2
46.2
19.6
140.0
140.0
8.4
140.0
4.2
88.2
53.2
21.0
140.0
140.0
86.8
2.8
28.0
28.0
11.2
26.6
30.8
2.8
81.2
140.0
43.4
140.0
8.4
84.0
30.8
51.8
12.6
140.0
9.8
12.6
53.2
140.0
36.4
8.4
9.8
140.0
57.4
4.2
72.8
15.4
9.8
114.8
28.0
39.2
72.8
16.8
44.8
11.2
18.2
33.6
9.8
9.8
2.8
22.4
7.0
7.0
18.2
71.4
29.4
40.6
4.2
33.6
40.6
19.6
29.4
2.8
14.0
9.8
2.8
140.0
32.2
49.0
35.0
1.4
5.6
18.2
140.0
18.2
114.8
11.2
60.2
75.6
96.6
58.8
140.0
15.4
25.2
37.8
2.8
7.0
140.0
12.6
140.0
16.8
14.0
12.6
40.6
7.0
140.0
44.8
2.8
78.4
18.2
2.8
9.8
33.6
4.2
140.0
18.2
140.0
36.4
9.8
140.0
2.8
140.0
23.8
37.8
72.8
12.6
8.4
15.4
44.8
7.0
8.4
57.4
1.4
72.8
11.2
39.2
140.0
12.6
140.0
7.0
25.2
15.4
40.6
22.4
21.0
140.0
1.4
140.0
28.0
4.2
12.6
8.4
42.0
140.0
95.2
26.6
26.6
89.6
109.2
40.6
5.6
39.2
26.6
15.4
29.4
18.2
4.2
15.4
23.8
140.0
42.0
29.4
7.0
1.4
37.8
4.2
9.8
58.8
26.6
32.2
65.8
140.0
43.4
5.6
70.0
26.6
140.0
54.6
18.2
140.0
140.0
140.0
16.8
29.4
61.6
140.0
7.0
89.6
16.8
21.0
46.2
65.8
11.2
140.0
49.0
15.4
8.4
12.6
51.8
39.2
8.4
1.4
23.8
4.2
16.8
82.6
9.8
8.4
32.2
79.8
2.8
12.6
140.0
8.4
5.6
42.0
9.8
140.0
140.0
8.4
29.4
2.8
16.8
26.6
12.6
16.8
91.0
74.2
51.8
140.0
21.0
51.8
110.6
23.8
140.0
5.6
39.2
42.0
8.4
15.4
5.6
16.8
140.0
28.0
21.0
23.8
7.0
70.0
16.8
95.2
50.4
18.2
26.6
2.8
2.8
11.2
19.6
43.4
30.8
14.0
140.0
4.2
2.8
21.0
49.0
140.0
70.0
51.8
36.4
140.0
67.2
109.2
9.8
15.4
12.6
93.8
7.0
39.2
84.0
5.6
22.4
99.4
15.4
