13.3
35.7
140.0
0.7
0.7
13.3
13.3
10.5
2.1
3.5
140.0
39.9
39.9
140.0
27.3
34.3
6.3
3.5
16.1
4.9
38.5
9.1
23.1
0.7
14.7
13.3
67.9
140.0
39.9
86.1
72.1
4.9
10.5
4.9
28.7
79.1
0.7
23.1
21.7
6.3
48.3
65.1
118.3
30.1
74.9
140.0
4.9
34.3
20.3
32.9
70.7
2.1
16.1
88.9
11.9
140.0
28.7
100.1
11.9
3.5
9.1
80.5
53.9
140.0
130.9
31.5
9.1
24.5
3.5
31.5
140.0
21.7
102.9
140.0
102.9
4.9
140.0
95.9
140.0
23.1
10.5
4.9
32.9
17.5
39.9
7.7
10.5
60.9
100.1
11.9
140.0
27.3
2.1
25.9
140.0
140.0
94.5
16.1
140.0
46.9
17.5
31.5
130.9
11.9
25.9
13.3
52.5
16.1
16.1
23.1
62.3
108.5
51.1
32.9
28.7
140.0
48.3
74.9
115.5
140.0
140.0
140.0
77.7
13.3
27.3
140.0
3.5
27.3
48.3
2.1
31.5
140.0
21.7
11.9
77.7
23.1
140.0
21.7
105.7
115.5
140.0
30.1
0.7
16.1
20.3
39.9
73.5
58.1
9.1
63.7
9.1
53.9
25.9
32.9
31.5
119.7
3.5
11.9
10.5
18.9
118.3
18.9
27.3
17.5
18.9
91.7
140.0
9.1
140.0
18.9
24.5
11.9
81.9
11.9
16.1
140.0
6.3
49.7
52.5
16.1
13.3
13.3
6.3
13.3
55.3
34.3
39.9
140.0
42.7
10.5
28.7
24.5
140.0
3.5
34.3
140.0
4.9
46.9
49.7
140.0
74.9
53.9
7.7
67.9
9.1
23.1
140.0
91.7
84.7
23.1
7.7
14.7
4.9
3.5
2.1
35.7
24.5
53.9
7.7
69.3
20.3
21.7
9.1
45.5
140.0
52.5
18.9
18.9
23.1
24.5
140.0
34.3
9.1
30.1
3.5
0.7
140.0
3.5
114.1
7.7
21.7
41.3
140.0
41.3
79.1
24.5
140.0
14.7
4.9
11.9
3.5
13.3
2.1
4.9
14.7
7.7
18.9
140.0
86.1
30.1
39.9
23.1
140.0
25.9
18.9
6.3
3.5
7.7
20.3
48.3
13.3
24.5
23.1
13.3
35.7
140.0
2.1
3.5
21.7
9.1
9.1
13.3
66.5
25.9
7.7
128.1
21.7
21.7
80.5
121.1
17.5
39.9
9.1
34.3
140.0
11.9
35.7
140.0
21.7
56.7
37.1
16.1
27.3
140.0
28.7
6.3
11.9
39.9
9.1
3.5
20.3
13.3
2.1
20.3
6.3
87.5
7.7
140.0
11.9
18.9
7.7
140.0
38.5
9.1
11.9
53.9
4.9
23.1
10.5
16.1
0.7
3.5
11.9
9.1
9.1
140.0
4.9
14.7
51.1
140.0
87.5
74.9
111.3
140.0
35.7
2.1
13.3
28.7
13.3
60.9
2.1
140.0
13.3
20.3
140.0
41.3
25.9
25.9
11.9
2.45
9.45
26.25
48.65
48.65
69.65
43.05
12.25
1.05
2.45
10.85
17.85
50.05
59.85
16.45
45.85
33.25
33.25
15.05
140.0
23.45
26.25
3.85
15.05
2.45
29.05
16.45
26.25
12.25
87.85
17.85
9.45
140.0
1.05
5.25
9.45
140.0
23.45
22.05
59.85
6.65
20.65
51.45
34.65
26.25
31.85
15.05
45.85
3.85
83.65
93.45
140.0
26.25
27.65
140.0
58.45
26.25
27.65
64.05
140.0
140.0
29.05
54.25
2.45
17.85
50.05
47.25
31.85
5.25
1.05
2.45
101.85
140.0
86.45
38.85
2.45
140.0
5.25
2.45
76.65
8.05
76.65
2.45
13.65
96.25
65.45
140.0
66.85
22.05
6.65
8.05
50.05
24.85
8.05
22.05
140.0
140.0
10.85
30.45
15.05
54.25
62.65
6.65
26.25
13.65
8.05
87.85
16.45
16.45
3.85
12.25
140.0
13.65
73.85
6.65
19.25
140.0
8.05
34.65
9.45
5.25
140.0
3.85
29.05
9.45
8.05
27.65
17.85
16.45
22.05
2.45
12.25
6.65
2.45
140.0
45.85
3.85
8.05
1.05
10.85
75.25
1.05
9.45
8.05
40.25
140.0
16.45
13.65
1.05
43.05
6.65
22.05
140.0
3.85
10.85
10.85
15.05
6.65
3.85
140.0
140.0
59.85
27.65
6.65
8.05
57.05
13.65
9.45
5.25
51.45
57.05
140.0
140.0
140.0
29.05
55.65
15.05
140.0
140.0
22.05
140.0
1.05
20.65
24.85
16.45
92.05
9.45
2.45
16.45
38.85
122.85
38.85
34.65
87.85
140.0
17.85
103.25
6.65
15.05
29.05
71.05
1.05
6.65
8.05
37.45
140.0
8.05
26.25
26.25
52.85
3.85
12.25
36.05
3.85
51.45
17.85
15.05
12.25
20.65
22.05
17.85
57.05
140.0
58.45
140.0
8.05
6.65
2.45
23.45
17.85
48.65
33.25
13.65
78.05
104.65
2.45
140.0
2.45
140.0
8.05
140.0
55.65
9.45
140.0
36.05
12.25
64.05
3.85
17.85
20.65
9.45
83.65
36.05
22.05
140.0
34.65
36.05
3.85
41.65
140.0
3.85
62.65
12.25
5.25
59.85
140.0
1.05
34.65
2.45
94.85
97.65
8.05
16.45
9.45
5.25
10.85
16.45
2.45
140.0
12.25
22.05
6.65
55.65
19.25
17.85
140.0
8.05
5.25
9.45
100.45
140.0
140.0
3.85
58.45
31.85
140.0
23.45
29.05
59.85
9.45
10.85
1.05
106.05
20.65
2.45
89.25
22.05
5.25
12.25
140.0
140.0
61.25
111.65
2.45
140.0
140.0
73.85
22.05
82.25
20.65
140.0
12.25
140.0
1.75
1.75
19.95
10.15
15.75
50.75
25.55
5.95
5.95
0.35
5.95
3.15
8.75
39.55
10.15
7.35
5.95
140.0
59.15
0.35
21.35
31.15
67.55
43.75
140.0
8.75
25.55
21.35
140.0
4.55
94.15
102.55
140.0
10.15
71.75
22.75
35.35
4.55
11.55
17.15
4.55
12.95
49.35
21.35
3.15
4.55
8.75
14.35
52.15
15.75
18.55
46.55
39.55
17.15
25.55
54.95
81.55
5.95
140.0
1.75
12.95
39.55
82.95
5.95
140.0
12.95
24.15
140.0
140.0
38.5
140.0
74.9
52.5
48.3
11.9
24.5
44.1
3.5
11.9
140.0
38.5
16.1
32.9
9.1
9.1
69.3
17.5
21.7
2.1
66.5
48.3
18.9
7.7
24.5
70.7
140.0
3.5
18.9
3.5
4.9
6.3
140.0
28.7
14.7
66.5
2.1
140.0
11.9
27.3
0.7
18.9
31.5
3.5
31.5
11.9
140.0
140.0
140.0
58.1
7.7
10.5
14.7
4.9
140.0
59.5
102.9
10.5
44.1
42.7
59.5
13.3
27.3
53.9
16.1
34.3
140.0
17.5
14.7
6.3
140.0
28.7
140.0
140.0
11.9
140.0
52.5
30.1
140.0
0.7
13.3
65.1
55.3
23.1
2.1
23.1
10.5
39.9
140.0
44.1
66.5
140.0
17.5
4.9
11.9
31.5
16.1
67.9
17.5
51.1
4.9
38.5
63.7
48.3
6.3
17.5
88.9
77.7
140.0
11.9
10.5
16.1
140.0
140.0
17.5
6.3
38.5
20.3
3.5
140.0
16.1
140.0
140.0
7.7
28.7
63.7
140.0
7.7
48.3
28.7
140.0
95.9
140.0
11.9
17.5
13.3
27.3
73.5
14.7
140.0
94.5
38.5
87.5
45.5
16.1
80.5
13.3
140.0
31.5
10.5
28.7
21.7
27.3
48.3
72.1
140.0
46.9
4.9
67.9
27.3
140.0
13.3
67.9
104.3
30.1
37.1
140.0
27.3
16.1
30.1
6.3
102.9
79.1
25.9
74.9
140.0
14.7
140.0
20.3
46.9
37.1
16.1
25.9
140.0
84.7
24.5
27.3
58.1
23.1
140.0
7.7
34.3
2.1
39.9
31.5
74.9
13.3
87.5
88.9
140.0
9.1
4.9
140.0
4.9
140.0
70.7
30.1
14.7
73.5
123.9
140.0
20.3
91.7
112.7
56.7
140.0
97.3
140.0
10.5
11.9
27.3
13.3
11.9
10.5
7.7
109.9
66.5
140.0
140.0
97.3
9.1
20.3
88.9
140.0
3.5
9.1
59.5
72.1
140.0
11.9
126.7
25.9
140.0
7.7
16.1
90.3
28.7
7.7
140.0
140.0
37.1
55.3
23.1
38.5
17.5
4.9
97.3
140.0
88.9
17.5
13.3
16.1
0.7
2.1
3.5
140.0
140.0
97.3
140.0
10.5
140.0
31.5
7.7
7.7
20.3
91.7
10.5
6.3
11.9
25.9
53.9
66.5
4.9
16.1
20.3
7.7
140.0
140.0
21.7
69.3
23.1
3.5
6.3
9.1
56.7
60.9
25.9
17.5
28.7
20.3
14.7
41.3
98.7
34.3
2.1
39.9
3.5
21.7
0.7
37.1
13.3
0.7
3.5
2.1
84.7
56.7
2.1
48.3
53.9
7.7
140.0
2.1
91.7
24.5
3.5
4.9
140.0
6.3
17.5
11.9
34.3
63.7
11.9
140.0
18.9
32.9
6.3
24.5
21.7
118.3
23.1
58.1
16.1
140.0
14.7
27.3
69.3
13.3
3.5
4.9
60.9
9.1
9.1
63.7
2.1
6.3
70.7
59.5
80.5
35.7
27.3
3.5
2.1
27.3
0.7
140.0
25.9
6.3
16.1
2.1
41.3
9.1
109.9
7.7
16.1
60.9
7.7
4.9
46.9
31.5
16.1
58.1
13.3
10.5
7.7
51.1
18.9
44.1
17.5
100.1
11.9
114.1
38.5
34.3
7.7
140.0
11.9
39.9
140.0
76.3
58.1
7.7
140.0
11.9
48.3
44.1
140.0
140.0
7.7
58.1
3.5
27.3
16.1
46.9
9.1
20.3
6.3
17.5
118.3
0.7
11.9
140.0
140.0
13.3
62.3
6.3
66.5
24.5
20.3
4.9
3.5
70.7
39.9
42.7
7.7
140.0
140.0
66.5
140.0
6.3
30.1
11.9
24.5
6.3
140.0
4.9
13.3
83.3
9.1
21.7
140.0
105.7
32.9
119.7
6.3
97.3
14.7
11.9
30.1
9.1
18.9
