13
7
98
20
6
9
2
1
98
50
6
3
1
7
98
5
7
18
35
74
47
35
5
10
20
22
98
23
2
18
20
1
10
53
5
1
2
9
4
14
9
18
98
19
12
9
15
11
6
98
98
41
15
3
6
1
24
43
14
1
1
53
98
4
8
32
16
37
13
7
15
7
2
7
3
4
8
4
8
2
98
52
82
1
5
2
7
8
98
5
98
98
1
31
10
3
4
4
15
98
8
98
38
98
4
60
1
11
50
13
98
34
8
15
10
1
5
6
6
10
98
3
33
1
18
79
20
28
35
6
11
6
21
13
2
98
10
5
1
98
72
3
2
96
7
12
12
7
11
31
18
98
98
98
98
8
50
42
14
98
6
9
48
8
8
42
7
40
7
16
10
13
83
14
2
1
98
6
5
4
14
55
54
14
40
30
22
8
25
39
5
11
10
6
22
55
18
98
29
9
98
6
5
23
11
28
1
98
1
98
2
12
5
2
10
8
8
19
8
52
7
98
7
7
16
19
15
2
5
6
24
25
67
9
69
62
77
12
13
1
4
6
6
1
2
22
7
27
16
1
9
47
30
1
98
10
2
98
98
3
1
1
5
57
27
5
31
17
6
11
23
31
1
74
8
25
9
7
12
1
85
25
10
95
6
98
4
7
17
98
19
75
45
9
98
5
1
52
16
2
24
98
9
98
14
9
36
98
1
13
5
26
9
68
3
1
20
1
9
25
9
98
27
1
12
49
8
12
2
19
4
3
34
98
4
57
40
21
7
21
33
7
98
4
15
2
19
2
98
1
7
1
5
32
2
41
11
3
8
16
12
9
5
5
26
6
98
7
4
10
30
44
21
3
6
52
15
98
6
39
53
10
3
6
10
29
10
5
17
2
9
11
9
9
46
98
10
17
32
11
12
17
12
26
42
6
8
14
15
58
4
5
1
7
14
1
10
2
5
98
11
17
98
59
98
10
21
5
55
20
5
5
20
5
2
3
1
6
98
17
40
12
4
19
4
98
8
2
98
6
6
29
11
4
22
9
8
5
11
34
1
37
6
9
8
9
34
9
5
21
7
9
33
7
7
48
13
9
4
9
26
8
8
9
7
1
30
17
30
9
12
15
11
5
42
2
1
65
13
58
9
6
35
6
6
2
11
8
8
17
8
7
2
16
98
98
40
5
8
39
5
98
32
6
12
7
24
64
98
69
18
1
38
11
1
91
20
14
30
98
8
10
22
5
9
8
9
10
2
28
14
34
8
34
5
17
98
28
15
4
3
1
4
29
13
13
37
13
13
2
98
12
6
7
5
7
13
15
60
98
7
4
11
98
2
36
9
2
5
49
14
2
17
3
98
3
2
1
45
8
6
1
9
9
12
20
6
13
32
6
6
98
7
20
2
98
9
16
13
3
1
6
17
12
11
10
9
98
98
4
12
8
4
7
98
19
5
12
84
1
76
98
98
18
23
2
7
98
10
16
14
12
5
8
73
7
98
21
23
98
2
16
10
98
33
26
32
26
43
21
17
6
63
3
14
11
9
5
16
32
7
6
8
6
2
2
17
6
12
5
1
9
28
98
3
2
4
12
3
23
54
20
16
16
74
2
9
6
25
51
10
98
10
3
13
14
4
13
3
7
4
98
6
12
8
34
47
8
80
7
20
6
29
11
22
5
4
83
1
2
24
57
29
98
7
17
21
20
19
13
22
19
32
9
20
1
9
14
3
24
20
21
11
98
21
8
70
28
3
13
62
9
10
2
3
9
1
2
10
8
12
34
6
20
4
8
6
11
23
1
6
87
98
4
23
11
15
3
18
10
7
11
4
5
4
5
10
23
98
7
4
3
17
98
27
7
30
8
5
12
6
6
3
10
2
1
9
98
9
17
9
2
39
5
3
8
2
4
50
9
4
79
5
13
1
72
98
14
53
98
13
35
2
7
1
1
8
5
38
4
12
7
98
17
3
16
5
47
50
12
35
14
15
22
72
6
70
98
14
8
9
3
3
3
10
8
1
6
8
2
40
36
8
8
58
11
2
24
40
10
10
12
3
7
98
9
17
22
4
90
2
1
98
69
8
10
3
4
48
63
20
2
2
57
11
2
98
95
1
4
6
4
8
10
2
8
22
35
10
18
98
19
34
23
18
98
10
22
5
9
1
6
9
8
26
98
13
98
11
6
17
26
27
41
10
73
53
18
15
3
5
1
4
3
12
2
2
42
25
7
50
11
2
8
98
7
27
7
5
37
28
29
4
98
98
40
16
10
13
98
16
1
19
18
12
2
98
32
22
27
1
5
6
98
35
9
7
45
9
8
3
12
16
12
11
8
4
5
7
5
5
7
12
3
98
11
98
17
2
6
6
56
98
22
27
4
22
98
4
6
98
3
47
8
48
98
98
5
11
14
23
36
2
4
7
7
5
12
7
3
15
2
9
98
12
2
17
8
13
41
2
6
98
3
90
37
14
2
12
3
1
23
14
2
22
9
98
28
2
0
78
8
1
19
7
42
14
3
5
29
10
19
6
3
98
98
8
98
3
7
3
19
13
24
77
2
98
86
7
14
15
10
34
5
9
14
8
98
1
12
87
6
83
6
18
10
9
1
28
84
9
20
13
2
7
7
98
3
25
4
8
14
98
3
2
98
7
6
9
9
7
6
58
5
15
98
98
98
5
2
10
16
68
98
47
4
21
3
5
14
9
29
8
1
13
4
5
4
21
7
5
98
74
8
6
5
29
11
8
4
5
98
10
56
36
32
2
19
17
98
10
2
36
10
9
7
17
23
12
31
36
11
8
1
6
1
17
21
21
15
3
5
5
8
7
18
98
98
31
1
25
10
13
10
19
32
20
2
68
16
3
98
2
98
7
12
8
14
14
8
31
7
11
6
98
98
12
56
8
5
3
10
8
79
3
7
10
4
28
18
57
8
3
16
12
5
15
31
20
29
7
8
4
17
3
98
9
4
38
98
47
11
2
98
98
15
14
6
8
9
13
8
4
22
62
2
7
14
62
98
41
17
98
13
4
8
98
8
2
87
22
17
15
16
14
19
10
17
59
4
13
6
98
15
16
21
6
5
9
91
11
10
5
3
98
0
21
59
5
1
5
6
82
3
41
13
47
39
14
12
5
98
98
14
8
14
7
1
98
29
11
33
17
19
3
10
50
38
43
12
94
9
3
24
4
20
7
98
20
4
23
6
43
9
1
17
2
8
20
98
0
9
16
9
20
61
13
9
98
98
2
98
0
1
8
12
9
9
98
7
4
46
98
12
7
34
2
78
11
22
18
9
7
11
17
1
28
13
13
7
21
66
7
90
2
5
20
13
7
1
22
7
9
7
1
98
10
2
14
16
21
5
4
18
4
98
11
98
1
12
18
5
3
11
5
3
98
6
4
7
29
12
9
5
31
9
48
1
9
9
7
98
49
17
9
2
55
22
59
98
7
40
56
98
15
14
80
64
20
19
5
15
51
8
1
25
3
2
12
2
18
33
2
7
5
98
6
42
16
1
8
75
98
9
9
76
8
7
23
5
10
11
4
2
13
30
17
29
1
7
8
41
6
27
3
16
98
16
7
28
98
98
38
5
22
14
14
9
31
74
12
10
7
1
98
90
17
18
7
2
5
13
14
28
4
4
25
1
24
12
27
5
98
64
5
4
75
15
8
13
12
7
41
72
11
38
35
25
13
98
43
0
4
28
2
2
2
6
12
9
8
10
50
13
6
37
16
3
98
39
3
9
98
14
12
98
21
36
3
14
5
5
5
5
3
51
5
7
5
9
78
18
7
2
7
6
42
2
18
62
49
21
28
10
24
35
2
15
25
3
2
18
20
3
11
25
11
11
33
19
3
13
2
18
10
3
6
7
67
41
98
2
46
65
77
57
2
6
10
21
6
2
6
23
9
8
98
6
3
8
13
7
7
15
22
2
2
5
17
9
8
98
2
12
7
62
4
83
7
81
16
11
98
20
10
2
