10
3
13
10
45
71
6
98
6
4
25
9
33
98
9
6
7
98
2
17
33
20
6
2
3
85
26
7
2
21
15
3
98
6
5
12
2
4
18
98
69
86
18
13
2
5
9
11
98
5
52
11
8
98
19
37
3
26
19
9
21
3
10
2
98
10
8
38
12
7
2
73
14
6
5
5
6
10
12
8
35
98
98
2
78
98
4
28
98
9
15
98
98
3
4
3
28
7
8
98
25
78
98
98
31
29
19
29
98
1
2
35
7
70
98
98
10
32
5
98
17
2
2
11
5
14
7
5
5
2
10
8
12
5
20
19
3
22
13
5
98
12
2
3
2
31
13
51
7
4
38
17
49
9
20
82
14
3
8
8
5
98
8
32
98
98
94
7
7
98
4
12
9
35
17
11
43
13
9
6
8
11
98
17
4
98
3
39
98
8
98
29
33
28
98
2
33
5
5
16
6
14
98
7
98
98
3
6
15
5
11
98
98
10
71
5
3
98
98
8
4
7
4
3
7
5
9
8
4
98
7
23
10
55
15
11
98
15
3
38
73
4
1
18
98
5
11
5
98
4
98
4
17
54
13
1
6
12
19
13
97
98
16
98
27
14
7
76
98
9
14
4
40
4
9
53
3
58
2
11
69
54
10
25
22
24
98
10
24
14
7
98
50
14
58
53
98
5
19
6
3
46
7
31
36
98
11
98
98
98
14
98
6
20
4
13
8
8
28
98
4
9
12
54
2
24
3
8
8
16
6
6
13
5
98
6
14
98
24
4
7
5
15
4
4
33
18
11
7
9
22
4
9
98
21
98
18
6
23
6
2
10
3
98
18
3
1
8
98
98
11
2
4
11
7
13
98
7
8
6
11
6
8
25
2
4
17
9
1
4
61
54
6
98
98
28
66
11
15
22
6
37
3
7
37
12
7
11
98
3
98
6
11
1
49
48
25
98
11
37
13
43
57
35
98
8
23
6
5
6
98
5
5
3
8
2
6
2
1
11
32
9
11
14
5
7
98
16
98
44
43
4
92
15
4
10
7
98
31
7
16
1
98
28
33
1
5
12
8
13
6
16
36
5
12
14
11
3
98
12
3
15
3
15
49
12
8
6
2
12
66
12
23
17
2
98
7
6
15
4
11
18
98
25
9
6
7
5
98
10
2
43
7
5
8
35
1
71
13
98
98
7
25
5
15
3
5
24
12
23
46
98
5
8
14
12
10
98
98
5
98
6
12
79
87
41
2
9
3
12
26
35
98
45
33
41
16
42
4
22
98
98
9
73
5
98
98
3
14
9
10
3
19
11
6
20
5
98
86
42
13
6
21
35
4
35
8
28
18
98
6
34
2
11
98
9
16
9
7
5
33
2
2
3
4
14
11
6
20
1
7
7
6
8
7
93
11
12
9
25
2
5
25
22
5
98
4
6
5
28
3
98
16
1
98
21
17
5
33
7
82
9
98
26
98
13
98
5
3
25
6
28
17
6
64
8
10
34
4
3
21
54
6
6
8
9
26
4
7
7
8
15
9
44
21
70
4
10
10
16
5
4
27
10
4
18
15
10
5
9
15
5
4
98
14
13
9
11
16
7
8
11
19
56
8
19
1
9
8
15
65
98
44
17
11
5
98
5
30
12
98
13
6
10
15
98
98
90
10
11
25
4
9
17
7
51
40
6
6
19
4
98
8
6
42
28
98
5
60
8
98
5
7
23
85
86
98
38
4
47
22
25
7
5
4
21
3
49
98
20
8
11
38
17
15
2
6
17
98
2
7
20
19
11
81
11
15
44
60
7
14
7
6
98
11
11
98
22
10
11
5
98
12
98
1
59
6
42
98
16
2
11
5
98
17
98
68
30
6
11
27
52
23
46
3
98
21
9
25
3
6
6
8
98
1
2
64
2
31
4
3
9
9
4
33
95
8
70
13
18
3
6
8
2
9
98
5
98
9
18
22
7
5
3
7
11
48
23
41
23
16
4
25
15
11
65
5
5
21
9
26
13
98
12
65
16
4
20
98
5
18
8
98
10
15
14
8
5
47
50
13
27
12
8
5
98
3
98
5
30
5
16
43
17
4
62
98
10
9
1
36
2
7
4
21
4
10
98
7
11
24
15
16
98
54
98
98
11
7
13
7
19
10
4
2
1
98
10
10
37
42
34
10
10
73
33
4
98
14
8
2
2
3
98
12
5
23
23
98
10
2
7
9
7
33
16
98
9
98
2
2
12
8
64
24
86
1
16
17
2
2
98
5
63
98
9
3
5
6
57
9
4
7
4
98
62
45
22
6
98
14
2
98
98
15
98
3
4
98
8
7
12
7
51
6
12
14
13
4
5
6
11
14
2
6
2
3
19
14
22
8
98
14
7
5
13
9
10
6
5
9
98
47
3
8
2
20
98
47
12
33
6
15
98
6
16
9
7
5
3
98
17
8
98
15
15
14
14
15
20
7
10
9
4
5
4
12
11
5
59
2
10
17
98
4
35
3
1
5
7
31
8
98
10
7
26
20
4
9
3
22
3
12
14
3
98
29
11
32
12
98
64
17
10
21
39
14
3
8
46
14
26
12
14
7
14
8
6
16
9
98
4
22
3
51
22
98
21
31
6
1
98
8
27
19
98
2
7
2
3
26
98
17
4
37
14
5
5
6
63
15
16
98
35
98
1
0
10
9
23
5
14
8
10
20
1
6
8
2
10
98
5
9
13
72
12
5
2
6
7
31
16
3
2
5
98
0
18
65
2
7
11
43
11
35
8
69
14
18
6
22
8
8
21
6
3
11
21
51
9
10
3
2
6
5
38
84
98
14
8
9
6
10
8
21
10
4
1
9
10
8
98
1
81
14
13
27
3
13
98
98
98
1
79
18
2
7
29
98
30
1
98
3
9
12
11
5
27
98
98
4
43
2
53
98
4
12
59
52
13
4
9
37
32
3
4
40
13
4
98
5
3
7
34
9
7
7
1
22
5
3
1
27
18
30
19
8
98
4
30
1
8
81
12
80
10
10
25
4
21
5
5
12
98
7
3
5
23
4
11
20
98
13
4
4
30
6
6
4
10
98
98
5
7
6
1
32
17
11
2
12
9
6
3
6
8
1
29
78
98
13
45
89
4
18
20
4
5
98
6
19
14
19
10
98
1
9
5
4
98
14
8
3
20
12
69
98
9
20
2
9
12
28
63
4
18
15
10
22
13
9
8
98
10
7
12
5
20
2
27
98
9
17
98
26
74
19
4
45
8
54
98
98
98
3
19
9
13
3
18
98
2
9
98
7
68
28
98
3
75
19
9
25
12
14
3
9
3
98
2
6
5
21
69
3
29
83
8
9
42
3
10
11
12
42
10
6
98
3
3
8
48
92
13
98
11
18
59
30
6
7
18
98
98
83
33
98
3
16
6
15
2
12
51
7
4
98
9
98
98
52
14
5
10
67
5
10
98
98
50
10
17
3
98
10
5
8
98
98
2
42
4
1
49
8
34
15
34
6
2
8
43
4
69
34
19
2
3
26
4
44
9
22
8
13
18
14
28
6
2
2
10
98
44
21
26
20
30
9
65
9
34
98
3
5
5
12
12
98
82
2
2
32
86
98
98
98
11
98
17
3
5
98
6
11
98
1
25
5
30
11
7
95
49
6
7
98
9
3
1
1
3
13
2
5
2
14
31
1
98
25
21
6
14
8
98
2
1
3
1
17
4
1
6
9
4
11
4
14
3
31
24
11
96
57
98
8
98
60
13
6
27
45
10
3
5
98
19
2
98
3
7
7
20
18
16
98
23
98
6
21
98
2
2
2
13
1
10
8
4
2
8
6
2
3
13
4
98
98
11
23
98
6
25
2
5
28
12
19
2
98
1
10
8
24
21
13
22
59
21
85
4
98
5
10
15
43
98
41
28
26
7
25
0
4
51
98
11
53
18
5
1
25
5
98
3
6
1
13
2
98
19
1
18
98
17
2
98
98
9
7
98
12
12
18
61
4
16
1
98
1
5
98
19
98
8
98
76
18
2
9
98
1
22
50
98
60
94
2
16
98
11
21
98
16
1
8
0
2
26
17
1
4
16
22
2
48
2
5
17
17
33
98
5
6
98
98
10
10
9
2
20
15
4
2
8
16
4
98
20
98
3
98
11
10
30
10
4
41
98
3
9
10
98
30
60
10
98
82
19
18
62
2
5
2
98
1
19
98
1
36
2
10
8
98
6
3
7
1
8
3
62
1
98
98
31
11
30
1
5
19
1
98
21
9
2
80
7
6
98
16
4
12
2
98
2
4
4
12
98
36
80
1
7
38
1
11
6
7
98
14
9
12
38
15
25
14
50
2
18
8
32
4
9
74
86
3
75
23
3
23
2
18
1
2
15
98
98
98
8
30
98
2
8
2
98
2
6
98
98
98
11
98
98
24
21
13
3
5
6
30
98
12
13
15
67
98
10
98
13
59
4
2
6
90
60
40
25
17
98
18
98
5
22
3
7
98
1
25
5
3
22
4
98
98
1
10
42
2
1
43
98
41
2
98
98
4
20
5
20
3
23
98
98
1
4
5
6
23
98
1
48
6
6
98
13
98
98
98
1
32
28
35
6
12
9
24
98
13
3
8
30
14
6
1
6
2
1
9
7
11
7
8
6
14
13
4
32
1
2
98
2
3
2
98
2
98
2
22
2
5
98
54
3
80
1
2
3
33
11
29
15
17
5
98
10
16
3
11
1
25
4
2
44
14
41
3
98
5
1
12
73
12
34
5
1
21
15
25
12
98
12
12
29
98
3
1
6
6
88
9
4
28
10
31
12
7
11
45
98
1
2
8
11
10
7
1
38
98
98
98
6
2
8
12
41
8
98
98
98
2
4
2
7
9
54
5
98
98
98
5
98
37
5
8
98
98
2
23
1
6
5
14
5
21
26
5
3
98
3
8
28
7
98
98
8
2
98
9
5
98
1
98
98
98
6
26
1
1
98
1
18
10
98
98
10
2
1
1
7
5
14
6
98
5
7
13
4
22
6
4
98
23
3
6
98
21
98
15
2
98
98
19
1
1
6
10
30
34
73
11
67
4
3
7
10
8
4
3
7
7
23
3
18
7
3
4
11
29
2
7
98
7
5
6
7
10
5
38
10
5
4
8
1
3
7
59
14
98
12
47
7
6
5
3
4
5
9
15
8
19
16
20
27
63
10
98
8
7
38
4
8
5
98
38
41
3
11
98
57
15
2
15
6
7
8
18
10
3
8
5
20
6
6
10
17
9
17
70
22
4
2
98
11
7
3
46
20
2
20
4
3
98
20
24
95
5
5
10
8
6
2
3
13
21
11
3
2
5
55
9
29
16
26
3
13
17
4
4
1
3
4
5
72
2
11
16
4
51
8
19
14
10
26
9
4
10
19
11
7
11
8
9
34
4
4
10
5
98
4
3
98
17
98
9
2
98
4
16
15
6
11
98
77
4
14
20
7
5
2
2
11
39
22
5
98
11
17
5
7
4
98
98
84
3
4
30
13
52
2
98
98
7
4
7
24
26
21
98
5
3
5
3
29
98
21
2
3
5
2
8
19
19
9
5
18
4
8
8
8
2
98
98
23
98
39
2
4
9
80
16
27
3
52
1
4
8
11
2
5
14
12
5
4
73
9
16
3
9
6
1
98
61
98
7
5
6
20
30
49
98
15
9
5
20
7
17
98
25
13
32
6
14
1
7
1
5
23
36
12
11
30
7
7
14
3
2
13
27
23
98
98
12
5
2
8
61
98
15
32
98
1
40
9
3
3
95
10
9
26
3
2
2
20
6
98
8
3
1
3
14
2
3
14
13
0
9
25
7
8
5
26
14
18
3
98
31
27
20
5
11
3
98
9
2
2
4
23
3
14
9
98
3
18
98
34
66
32
2
9
2
15
3
90
13
98
6
13
42
8
22
21
7
56
98
32
46
61
1
91
11
98
9
98
47
3
6
10
7
18
26
4
8
22
24
5
98
7
65
20
5
4
3
7
5
14
10
52
2
21
27
4
5
13
43
7
29
4
9
32
4
98
40
22
29
98
98
23
5
50
7
11
3
98
15
2
7
3
18
2
9
11
7
4
9
8
7
98
24
10
17
56
5
5
7
9
3
2
4
6
9
98
17
8
16
8
9
61
37
1
48
8
2
4
2
5
98
3
3
10
18
58
16
61
98
17
7
98
2
29
23
7
4
4
4
6
11
2
44
12
3
10
7
4
3
98
3
11
2
6
7
4
4
9
98
9
4
15
4
15
11
5
3
3
6
13
24
98
3
8
7
57
98
9
3
6
3
13
10
47
10
2
98
69
3
60
4
26
13
98
28
6
41
1
13
44
9
5
14
19
98
20
98
1
6
2
0
12
98
8
5
4
7
5
11
98
4
7
4
1
12
35
2
10
5
46
7
98
59
5
1
9
53
15
16
28
5
1
31
98
20
9
8
4
88
9
10
16
10
92
44
16
23
44
57
36
7
36
98
25
7
17
24
49
56
2
3
50
9
31
98
98
5
98
79
37
22
3
4
22
19
44
29
98
19
10
98
5
5
3
98
12
98
29
1
9
98
1
29
13
4
15
98
26
25
17
24
21
27
5
10
32
24
3
11
8
7
9
17
29
65
98
59
6
4
98
30
40
6
14
48
98
7
9
6
2
4
7
38
24
6
10
32
10
4
7
4
9
11
6
39
98
11
8
24
5
13
39
98
98
2
6
5
4
16
11
6
11
9
33
3
3
7
98
4
35
47
3
63
9
6
22
26
35
32
98
21
5
63
9
2
7
7
5
10
12
11
5
28
7
49
8
98
98
3
8
98
7
98
10
3
15
11
5
39
9
6
16
4
23
7
98
7
1
74
30
14
10
8
3
5
2
4
9
36
5
3
25
12
8
10
6
36
20
98
1
12
13
10
3
98
6
8
8
3
64
3
18
30
7
40
5
79
11
