50
7
5
2
7
4
6
4
15
41
14
9
1
0
2
3
12
3
19
12
10
4
2
1
6
4
3
2
3
25
3
4
6
0
2
30
2
6
98
7
9
2
5
2
3
16
2
14
8
16
15
7
18
7
8
10
2
38
9
2
9
4
6
7
16
2
11
98
12
98
7
9
3
98
25
1
5
2
5
5
5
3
9
5
5
15
2
6
1
8
10
3
54
98
12
19
9
9
4
18
3
11
2
4
3
13
10
25
4
7
5
9
12
30
17
6
7
42
2
64
5
2
2
3
2
13
11
12
13
8
20
98
19
13
10
1
5
37
98
7
23
9
78
2
2
3
5
3
7
6
3
6
1
5
6
63
98
7
9
10
6
7
8
3
9
19
3
8
30
12
7
15
12
5
98
4
37
0
7
5
5
13
11
98
1
3
7
13
14
1
9
25
15
4
14
35
98
5
19
7
2
7
49
3
6
7
5
4
2
10
9
1
3
10
10
4
3
42
7
5
5
60
19
10
48
12
12
5
36
6
6
4
98
4
10
2
7
87
7
5
5
12
14
10
16
6
98
18
10
12
8
6
8
3
5
6
7
5
10
4
7
4
6
3
22
11
3
4
4
15
9
6
7
20
8
3
31
14
1
98
4
8
26
13
31
4
98
6
17
7
5
98
98
15
4
3
11
3
35
52
5
10
98
98
6
8
6
3
4
98
1
14
7
3
98
14
53
4
4
10
10
13
7
8
12
7
6
16
7
98
6
98
6
6
24
24
10
38
25
16
4
6
2
6
43
13
8
29
7
98
5
9
5
63
5
7
98
4
18
7
7
8
11
5
8
2
9
8
10
13
3
11
1
98
8
3
5
2
10
32
2
27
11
3
9
98
8
16
4
2
10
12
6
3
14
1
11
9
7
7
7
54
7
6
5
5
13
15
4
3
98
8
26
9
4
2
2
9
3
5
4
13
5
8
9
3
8
4
7
98
6
98
35
9
26
3
6
10
4
6
7
27
9
4
5
7
7
13
13
4
10
14
2
10
15
5
11
6
3
17
8
8
1
8
5
4
2
35
16
4
4
8
27
15
6
7
12
3
8
8
65
10
9
41
15
98
4
6
5
1
5
6
12
3
5
11
1
12
8
4
10
16
44
12
10
2
11
3
18
8
7
3
12
4
6
3
9
63
4
14
1
9
5
10
98
6
26
7
10
6
2
5
2
19
6
4
6
4
4
3
4
18
14
4
13
8
98
19
98
15
4
3
2
2
11
9
4
18
8
98
98
6
8
4
12
98
14
6
6
9
9
2
3
9
4
6
2
12
14
2
9
20
3
4
11
10
15
22
6
47
6
26
2
35
15
3
3
98
5
6
1
16
11
6
9
14
8
3
26
98
4
7
98
7
10
98
11
98
10
1
9
10
2
4
3
2
17
2
4
26
6
2
12
5
25
4
6
19
7
98
5
12
4
5
22
2
7
18
7
6
8
2
6
29
15
16
11
9
3
12
8
4
7
12
3
8
4
10
4
2
5
5
70
9
5
2
10
3
18
3
14
7
12
11
3
2
8
11
1
10
98
15
8
2
19
7
98
13
7
7
4
9
12
15
4
16
4
3
5
7
3
4
12
4
9
16
13
12
5
5
8
3
5
15
3
10
3
2
10
9
7
49
29
12
4
2
10
6
7
11
3
7
4
20
10
7
4
18
66
16
1
48
15
36
20
5
88
6
26
1
5
4
9
4
7
13
2
11
3
17
17
4
4
6
7
4
4
13
13
98
5
5
4
35
15
7
19
5
4
3
5
63
8
6
9
4
45
12
5
2
98
24
10
9
20
12
50
21
7
61
16
7
8
5
2
8
12
31
12
98
10
5
15
4
13
5
8
98
4
8
14
9
20
9
5
1
6
7
5
5
10
17
2
6
19
10
12
2
8
10
16
9
2
8
47
3
6
10
8
4
5
8
5
4
18
9
4
2
12
30
6
3
9
19
2
9
98
9
4
8
1
98
5
5
5
5
9
3
5
4
55
7
2
17
30
9
8
1
26
3
16
28
7
4
22
10
11
5
13
98
21
6
15
6
5
1
13
1
7
10
5
98
9
11
9
5
17
2
11
15
6
98
6
69
27
7
5
1
3
7
6
9
2
5
21
3
5
8
15
1
2
6
98
9
10
11
5
3
47
4
8
5
98
7
1
5
22
90
4
4
0
2
4
9
11
5
98
3
5
2
5
13
31
7
16
12
3
9
1
10
9
3
13
3
5
6
4
8
3
7
24
3
5
3
7
3
4
3
19
3
4
3
5
11
6
4
3
43
9
12
7
3
10
10
9
4
6
8
1
1
98
1
4
16
6
46
69
2
6
10
7
6
6
1
6
4
1
3
10
2
5
8
4
12
5
10
98
2
9
11
16
21
9
4
4
1
6
6
7
4
77
17
9
5
8
20
5
3
98
2
4
6
31
3
2
5
7
7
1
10
30
4
58
9
8
3
8
2
11
5
3
48
13
2
30
5
7
6
2
2
4
15
3
9
7
3
6
11
13
7
5
98
22
7
3
1
6
2
11
2
2
5
0
5
3
57
24
98
6
5
6
44
8
27
1
6
4
4
5
3
7
98
12
2
5
9
98
11
52
6
10
18
12
39
42
4
5
24
2
1
3
6
1
20
0
8
15
98
10
18
7
25
6
9
12
10
8
10
3
6
8
2
8
5
3
5
2
20
3
68
16
2
6
20
4
5
11
7
7
8
10
6
9
7
3
6
9
4
10
8
6
4
3
5
2
6
10
41
6
18
7
7
9
54
2
6
2
7
9
13
8
27
4
22
22
10
13
5
22
9
7
16
98
13
98
1
98
6
1
8
2
5
7
3
14
3
14
3
21
44
9
5
2
8
12
6
8
14
37
20
11
1
53
9
8
5
12
6
90
8
28
4
4
2
8
3
3
6
5
7
5
8
6
92
2
16
11
5
5
2
4
13
5
33
0
85
17
11
7
3
6
3
17
4
6
7
5
5
29
73
5
11
5
5
5
8
98
4
1
4
14
14
12
8
26
6
3
1
1
5
3
8
5
5
5
3
6
42
3
9
4
12
5
98
3
11
9
7
9
6
21
5
2
3
3
1
7
16
7
9
7
7
2
5
3
5
9
7
6
10
8
12
16
7
98
5
8
4
2
5
7
4
12
6
10
9
7
1
5
18
9
5
1
5
4
2
3
1
9
3
5
11
8
12
9
6
98
8
5
2
4
4
10
3
3
34
4
1
7
3
17
6
98
8
13
3
9
12
5
9
98
1
98
9
15
5
4
2
9
1
15
11
2
34
3
6
1
5
5
6
4
5
9
5
2
4
2
4
4
21
8
98
10
5
1
3
24
3
10
8
22
4
11
2
9
43
1
6
7
7
2
3
2
9
1
2
6
98
3
5
9
1
3
15
7
7
1
8
53
8
3
13
5
6
5
10
12
10
12
1
11
9
15
8
2
12
98
1
5
7
9
24
13
4
2
13
1
12
3
98
12
4
6
29
23
5
7
2
2
6
3
4
11
2
7
10
7
4
16
8
2
6
13
9
9
8
8
26
3
98
2
2
0
98
17
10
3
7
98
10
0
7
8
3
98
98
53
13
9
5
7
15
6
13
17
4
8
2
19
9
98
45
9
2
7
25
5
10
1
2
2
48
3
4
3
2
6
4
37
5
16
1
0
3
9
3
17
3
20
23
65
8
7
4
2
7
28
11
7
5
7
8
4
9
32
4
98
10
1
10
32
4
7
8
9
9
4
30
5
7
11
10
11
10
4
98
8
18
4
3
11
1
6
98
73
4
7
10
2
2
3
68
4
9
5
6
25
5
30
8
1
8
7
9
15
32
2
25
3
10
1
8
9
6
12
17
1
3
5
8
8
20
9
9
4
2
9
8
9
8
4
98
62
2
8
76
7
98
4
38
2
16
3
4
3
8
11
30
2
4
5
8
1
5
4
66
6
4
6
6
24
14
7
13
14
9
7
1
5
98
3
4
6
2
12
10
18
7
5
6
1
2
12
9
11
7
4
6
9
54
3
98
13
28
4
8
3
7
7
98
3
4
98
10
9
98
4
14
15
98
4
4
11
13
17
98
3
7
3
30
98
5
8
2
9
5
1
2
4
3
13
39
2
1
3
16
12
16
6
2
9
1
11
2
3
21
36
2
11
11
5
98
7
10
21
98
7
8
1
1
5
3
14
5
98
62
35
7
98
16
98
20
24
9
25
11
25
13
16
30
3
5
47
8
98
15
11
29
19
2
7
98
2
11
12
9
5
8
22
1
25
9
2
95
0
26
11
3
56
10
10
98
21
20
2
5
6
4
13
98
2
8
10
4
4
22
1
12
4
8
2
15
18
2
10
5
71
23
57
7
9
4
5
8
98
12
20
1
28
36
33
4
21
18
18
2
8
3
2
2
5
15
10
9
98
98
5
4
3
7
7
6
25
98
5
15
98
3
4
3
15
7
11
98
16
18
98
3
6
25
1
98
66
9
8
13
27
42
4
98
8
2
4
70
4
9
13
5
11
45
10
10
4
2
12
4
18
8
29
6
5
7
4
6
45
4
53
8
14
20
9
9
98
9
18
98
18
11
14
82
98
1
2
8
2
4
18
1
6
6
7
4
8
1
7
19
98
5
9
25
13
25
14
13
8
98
9
17
8
13
12
11
4
8
1
1
24
11
16
12
8
11
3
12
2
16
4
14
7
4
16
15
75
1
7
8
16
7
16
6
4
7
17
7
13
6
6
7
3
8
21
13
11
11
17
13
3
9
23
1
2
9
11
39
5
27
11
4
9
11
40
3
7
10
6
20
17
3
8
5
10
14
1
8
16
98
40
98
5
6
98
24
15
4
20
28
3
3
86
3
16
46
5
3
3
3
10
38
3
98
8
18
3
48
98
13
8
40
98
33
12
6
7
11
16
1
9
9
10
1
13
9
13
9
10
9
98
45
47
3
10
6
9
14
54
10
9
12
8
4
1
24
3
23
2
17
9
1
2
1
3
20
42
6
4
98
3
5
6
33
1
10
20
20
9
5
12
3
98
1
2
9
98
4
11
18
2
9
13
98
22
5
7
8
1
4
3
1
11
10
17
6
22
98
11
8
3
7
16
20
5
15
15
11
3
12
98
15
6
98
9
16
9
5
8
14
6
13
98
14
18
98
9
1
25
9
16
5
9
1
5
1
1
18
11
8
98
5
3
11
18
11
5
26
23
2
9
2
1
10
2
9
16
2
4
5
8
8
8
4
3
2
29
12
14
4
31
2
1
5
1
8
3
4
6
34
6
2
10
1
98
98
14
3
8
16
8
7
8
9
8
6
7
4
10
3
63
7
9
6
8
3
21
14
9
18
15
2
6
98
4
30
2
2
3
98
6
7
16
11
37
2
24
13
7
13
18
9
3
13
61
3
78
9
12
13
3
3
5
2
7
12
8
13
2
1
9
9
9
7
2
3
98
14
6
25
3
98
1
6
1
11
7
2
8
10
2
8
11
12
6
18
5
2
8
4
7
4
3
30
87
2
20
5
4
6
7
9
4
6
5
5
6
7
8
8
7
5
1
10
7
13
47
4
3
11
5
7
8
16
1
13
1
19
5
23
14
2
6
3
5
6
23
19
7
5
10
6
4
4
16
5
7
3
26
5
6
8
6
3
11
98
9
11
3
98
7
3
6
17
47
7
6
2
7
94
3
8
6
5
2
11
9
8
2
21
6
5
2
6
12
1
7
75
39
98
9
5
4
2
5
13
6
2
28
18
42
6
12
6
7
11
98
10
5
5
5
7
4
2
7
11
9
16
8
11
4
98
11
12
12
5
8
6
6
5
51
8
5
9
9
5
12
2
11
4
31
2
3
21
21
31
2
1
4
7
98
8
17
11
7
11
16
22
8
3
19
0
9
8
25
13
26
2
6
8
3
34
3
8
6
2
3
10
8
6
9
16
3
4
15
34
10
8
6
6
3
10
2
4
5
41
53
11
3
12
7
14
98
7
40
14
4
2
23
8
7
11
3
5
8
7
5
9
38
4
16
3
6
6
6
2
6
16
5
11
6
11
6
98
19
12
20
9
7
5
1
2
2
5
5
19
6
31
5
8
2
23
18
6
13
10
9
3
6
98
4
12
2
3
2
16
2
8
6
12
9
21
4
3
9
1
9
13
3
9
30
4
10
9
2
8
12
79
98
5
6
3
4
2
6
7
44
11
98
3
1
4
7
6
5
7
6
8
7
32
9
6
49
7
5
7
1
8
4
3
1
9
59
7
29
11
1
21
10
2
43
8
13
7
8
98
3
4
98
5
5
12
2
4
15
9
9
9
8
10
2
7
72
9
6
8
10
12
7
1
7
5
1
2
14
2
1
2
4
6
1
7
4
2
28
2
3
1
13
98
9
5
9
4
8
8
6
7
10
10
8
21
1
3
2
6
9
5
2
3
21
4
25
30
8
5
13
8
8
14
18
8
4
8
6
7
2
4
6
8
1
4
5
28
4
4
34
6
8
9
7
4
10
9
2
5
98
7
2
2
13
98
8
5
18
13
7
98
98
12
29
4
5
9
5
3
98
6
18
10
8
7
7
9
6
8
3
8
3
98
2
10
6
9
8
7
15
6
3
5
9
15
15
19
5
5
10
5
12
50
2
6
9
7
14
2
6
2
4
5
7
8
4
18
11
5
98
3
11
16
10
5
4
23
6
2
11
4
6
9
13
6
3
73
9
10
6
23
4
8
98
13
4
6
2
32
4
6
20
4
10
7
6
14
4
10
5
5
15
5
11
9
7
12
3
27
7
29
9
98
3
98
7
2
98
6
4
2
5
4
6
4
7
12
18
12
5
18
3
12
11
15
7
5
10
12
21
8
62
9
6
2
2
2
5
5
1
41
2
4
10
6
19
4
12
2
6
8
10
46
19
28
36
34
5
6
4
1
98
9
6
12
2
5
8
6
5
11
10
11
4
4
7
6
37
7
4
17
5
4
1
5
45
5
14
4
7
1
7
6
17
98
11
6
42
15
5
12
9
3
19
3
10
1
6
4
64
10
1
3
2
10
2
7
9
24
15
16
6
16
6
5
5
7
1
30
11
6
13
6
98
17
15
19
98
7
1
10
3
6
4
5
2
61
6
3
13
5
4
8
10
4
3
4
23
24
4
9
12
20
4
6
98
10
8
6
10
11
12
17
98
3
9
9
98
6
12
3
11
7
18
2
2
23
4
8
5
4
3
23
7
5
3
5
24
2
7
7
8
5
12
3
8
2
15
4
4
1
15
6
24
12
9
8
6
1
55
5
12
6
8
6
12
98
12
98
85
29
23
10
4
3
81
12
1
8
6
10
9
18
6
8
6
9
0
7
5
4
8
5
5
20
8
12
1
10
18
5
9
14
3
6
22
9
9
4
16
7
6
2
11
98
27
7
11
1
12
5
16
9
3
20
9
4
7
7
9
29
1
7
18
17
6
1
15
17
8
2
5
25
11
15
98
4
5
8
13
14
10
5
3
4
6
5
33
6
4
37
11
1
5
15
25
9
5
9
12
5
5
7
9
13
4
4
19
18
2
16
8
98
6
13
22
1
8
9
11
6
12
18
34
2
4
3
9
6
10
1
4
1
13
7
12
15
7
10
9
15
6
4
5
2
8
4
7
1
9
3
10
6
98
1
7
16
8
6
4
4
6
17
98
1
7
10
13
8
6
8
21
32
15
2
1
6
10
16
12
6
6
7
6
9
98
7
8
3
1
12
4
90
6
16
31
13
98
14
9
15
4
8
4
5
3
7
98
98
3
3
16
5
22
5
9
5
9
7
5
5
7
7
77
7
6
7
19
6
3
16
4
1
1
98
5
5
11
8
9
3
7
10
3
2
7
5
0
3
1
7
11
4
20
13
4
15
10
6
10
6
5
28
2
7
2
6
5
6
2
4
13
3
7
2
5
2
4
9
7
18
4
4
8
4
7
25
1
6
3
7
3
5
11
7
7
9
10
19
8
4
20
5
2
9
6
7
10
3
2
8
5
2
3
31
15
2
5
10
16
6
2
16
9
7
8
1
4
1
49
6
15
9
1
18
6
2
3
10
8
2
13
9
4
9
18
8
25
6
3
15
6
4
8
4
10
9
13
9
9
2
14
10
7
98
8
20
8
12
20
98
7
32
11
2
12
8
6
5
7
7
5
10
11
6
35
3
4
5
5
3
13
4
98
6
12
11
5
11
3
3
20
21
50
6
5
12
11
6
8
9
11
33
8
67
4
37
4
4
13
5
3
6
30
12
15
10
13
27
5
3
4
10
4
2
6
45
30
38
7
43
3
4
5
10
2
2
17
17
9
18
1
10
3
8
7
7
14
7
16
4
16
8
8
3
1
98
10
30
5
5
8
2
3
28
1
8
48
12
7
5
1
3
8
26
6
4
8
12
4
19
8
11
8
7
8
7
10
22
98
8
26
1
3
5
8
6
10
7
6
3
3
35
1
4
7
8
2
9
6
4
5
6
57
3
8
26
35
5
4
8
9
11
15
12
2
98
15
13
13
98
1
3
6
13
5
7
30
2
2
21
18
13
8
12
9
4
2
7
9
2
10
81
11
5
4
5
4
8
37
1
4
98
6
3
2
9
6
8
5
7
98
30
24
7
9
68
18
8
6
10
10
4
3
8
6
9
10
7
11
5
9
5
33
8
19
