24
27
7
9
10
5
11
44
7
19
45
17
15
3
4
16
11
74
9
19
32
12
8
98
8
6
6
31
13
17
22
14
32
14
16
44
7
18
5
33
17
98
98
38
40
54
46
14
9
28
91
95
36
44
1
2
36
30
11
98
38
12
1
5
5
15
6
38
18
98
3
98
98
4
9
57
53
8
1
15
2
3
48
27
15
7
23
76
17
7
33
12
6
10
41
98
98
65
5
98
13
98
5
8
6
16
98
20
2
63
8
16
6
11
98
98
28
6
17
98
11
44
15
24
9
19
11
62
98
15
11
63
98
43
98
98
5
47
8
6
10
32
2
3
91
55
2
33
16
1
24
27
19
24
2
5
9
10
14
98
9
7
98
14
3
1
98
19
2
11
9
5
98
92
5
98
3
1
94
40
1
4
23
98
47
2
98
24
16
2
58
2
3
6
9
29
8
79
8
8
3
64
10
5
10
16
59
9
31
35
73
7
34
14
15
36
7
9
64
98
5
38
3
5
12
30
51
91
33
3
13
98
3
6
98
10
7
82
23
8
12
5
30
15
98
16
7
98
5
98
7
28
15
2
9
5
79
23
3
12
11
54
16
12
98
14
7
7
15
6
23
73
98
4
14
5
2
23
98
3
9
19
5
22
12
98
19
15
80
98
38
4
4
98
52
98
48
5
5
23
2
98
22
5
98
1
33
98
26
5
98
98
70
38
6
16
38
7
8
25
98
14
98
74
9
42
98
7
37
5
34
49
15
10
17
15
16
98
4
4
3
10
5
18
1
25
98
6
2
10
8
10
6
98
10
4
23
96
5
85
4
3
4
6
9
24
98
12
18
12
42
12
24
7
2
74
98
6
11
4
86
98
3
12
14
20
22
18
19
4
2
11
6
4
6
27
6
7
11
65
28
98
9
98
8
13
2
56
5
38
16
9
98
18
98
9
13
41
24
3
8
92
29
5
98
49
30
5
2
50
15
98
98
48
29
15
11
21
21
98
6
2
98
98
5
8
3
20
5
8
98
11
98
6
3
5
9
98
15
13
98
7
49
12
49
10
80
4
50
6
83
47
36
50
39
87
35
0
1
2
98
44
3
98
3
2
2
33
3
92
12
51
16
4
11
98
13
15
22
5
22
2
6
98
98
9
79
90
4
7
4
12
98
46
62
5
84
35
14
98
6
4
17
40
98
3
25
57
98
6
19
35
16
33
30
14
98
98
27
14
39
17
11
16
20
7
4
67
45
10
98
44
6
15
15
5
98
18
35
1
98
6
11
98
34
10
98
36
2
98
7
98
40
38
17
24
98
16
1
7
3
92
98
4
15
1
4
8
10
12
68
3
65
44
31
10
98
34
21
5
41
98
65
6
98
7
2
10
98
31
12
15
24
34
12
7
46
4
38
98
86
98
5
35
5
9
98
12
49
22
87
19
10
6
26
98
5
58
98
17
4
8
98
22
8
53
4
7
14
98
15
6
6
11
6
21
98
5
8
10
12
7
98
5
31
22
9
76
81
30
98
28
7
48
98
56
15
98
2
2
7
23
21
9
17
87
4
90
16
7
10
9
22
10
5
6
8
9
51
8
10
98
55
12
98
98
11
19
22
91
8
25
5
25
21
98
58
25
11
12
13
98
29
13
12
23
98
11
25
17
21
2
19
2
6
6
6
3
13
12
42
15
65
3
17
5
6
4
4
8
4
7
98
33
16
18
3
14
6
95
24
98
98
70
74
98
98
18
98
6
5
5
31
3
67
5
5
2
51
98
9
11
8
6
7
31
26
14
12
11
41
10
4
2
98
3
9
5
22
15
9
28
15
8
98
6
14
10
11
98
98
22
4
27
41
3
22
35
3
7
4
83
81
4
10
9
49
98
13
32
3
98
7
10
67
72
98
65
17
28
6
56
15
90
22
37
15
17
24
4
5
98
3
25
7
7
4
94
39
13
10
11
26
91
4
23
98
45
98
2
37
12
98
8
57
15
12
79
41
4
98
64
4
7
7
25
4
9
31
24
68
35
2
27
21
5
98
5
98
9
6
6
9
28
6
10
51
12
19
16
81
4
6
98
8
54
17
98
7
8
35
59
98
2
5
4
14
34
98
9
13
13
10
29
13
39
32
39
98
35
9
10
17
18
19
8
98
3
2
98
16
69
3
71
98
48
98
16
12
38
98
7
43
75
23
7
7
20
10
11
70
35
9
10
9
19
21
13
98
2
10
12
31
5
36
24
10
44
8
35
49
44
2
10
8
98
45
2
6
98
91
38
98
29
23
47
9
5
6
49
98
17
17
43
14
28
11
27
20
7
37
32
1
11
19
14
9
2
7
7
98
7
5
10
6
30
3
10
8
61
98
30
90
24
20
6
98
49
49
12
47
18
11
4
5
2
24
4
86
11
98
53
4
11
6
19
5
80
40
43
30
20
7
98
3
7
98
31
3
23
19
11
98
28
54
2
7
59
11
17
12
24
9
10
8
33
98
27
14
17
15
98
15
8
5
24
17
4
14
14
10
15
12
6
6
3
19
10
22
9
98
98
9
33
14
36
98
24
16
13
98
8
60
10
13
13
24
14
15
9
28
15
8
62
24
42
6
2
35
24
7
40
20
18
12
14
5
15
25
98
5
9
8
44
4
98
19
37
14
63
8
98
2
5
38
6
10
6
6
5
51
34
8
58
15
36
32
4
19
4
6
20
52
38
98
6
11
5
4
19
4
29
1
98
4
32
10
32
98
98
24
49
98
6
2
98
52
9
32
26
21
2
98
4
9
6
28
1
5
11
6
5
8
30
9
28
8
18
52
32
17
17
45
75
1
31
98
52
13
8
6
8
28
3
98
87
67
12
8
77
72
66
98
11
44
20
98
11
98
3
17
32
98
98
6
14
25
7
47
30
18
21
4
5
98
15
6
5
98
4
4
57
5
8
14
98
17
98
11
21
5
21
4
20
1
8
8
6
98
5
98
5
12
20
5
26
8
98
7
14
60
20
98
3
36
85
4
8
98
60
3
14
98
23
36
40
4
60
1
36
14
11
16
2
52
7
6
8
98
98
11
98
7
61
2
32
15
2
16
98
35
8
16
98
8
21
13
27
7
52
4
9
98
8
4
23
13
12
24
6
98
5
31
8
9
66
35
8
98
61
2
10
98
22
15
15
13
7
10
2
10
5
3
40
6
27
5
23
7
13
1
98
8
14
59
9
8
23
7
7
7
7
2
18
8
2
9
12
98
21
1
24
31
21
2
3
54
2
12
8
20
21
16
13
17
10
20
2
49
7
98
2
54
98
67
46
2
98
37
3
42
3
14
6
2
0
1
32
23
3
8
5
11
4
19
10
95
29
5
9
62
14
4
4
98
6
11
4
4
38
98
19
98
9
10
18
0
97
2
30
36
15
11
62
25
22
69
16
18
11
12
13
4
23
1
34
21
39
6
37
98
69
98
14
13
15
2
2
28
9
10
28
65
36
10
19
15
7
98
8
2
23
6
41
16
36
1
98
13
7
10
67
3
21
12
98
13
20
3
10
22
10
16
18
2
14
5
2
2
26
91
21
98
2
66
98
15
7
4
2
18
11
98
40
4
16
50
2
60
44
6
98
23
2
7
13
16
13
3
47
2
8
8
98
15
2
8
8
26
5
55
5
3
29
6
2
31
44
15
10
13
98
11
33
12
1
15
18
2
17
1
6
11
10
8
63
61
10
17
14
6
25
5
1
39
3
6
37
81
98
7
10
8
10
79
4
96
28
74
56
22
11
10
12
8
2
13
74
22
51
98
89
10
98
37
8
2
49
3
0
9
5
54
2
3
98
11
9
35
1
49
98
23
13
81
98
64
8
98
20
3
98
28
98
57
98
83
98
57
96
83
13
2
4
21
34
10
1
49
4
9
10
5
5
46
60
9
9
3
35
21
55
98
3
24
19
9
91
1
5
1
21
63
8
98
44
27
57
5
51
98
8
10
9
3
13
12
3
3
10
12
20
23
49
2
9
18
98
29
31
32
62
26
2
2
47
15
5
22
5
33
3
98
31
8
98
16
98
9
7
14
15
18
11
6
28
14
6
17
33
4
60
47
34
6
11
9
1
37
5
98
69
6
98
30
98
98
18
98
14
18
2
11
13
6
12
12
15
3
77
2
4
13
14
98
9
2
11
25
31
68
1
2
23
98
30
1
9
12
98
90
11
11
6
5
98
18
10
98
19
6
61
6
98
65
10
7
12
12
13
15
91
98
7
98
98
5
2
98
5
4
21
98
9
9
5
4
98
2
98
98
24
34
1
23
4
32
31
5
33
98
57
4
29
5
5
13
11
18
9
15
98
98
14
8
39
22
13
37
34
98
44
7
8
24
13
98
98
4
18
6
3
31
12
12
98
98
11
60
2
32
2
17
37
3
98
6
98
3
21
16
22
18
98
28
4
5
0
8
4
1
17
12
73
12
10
82
11
42
34
29
71
24
11
4
13
13
37
2
7
15
9
98
23
29
16
5
16
22
46
3
13
6
6
8
6
31
14
16
3
27
32
32
98
2
22
2
1
98
7
12
12
5
15
