3.5
3.5
38.5
9.1
3.5
20.3
108.5
105.7
10.5
2.1
28.7
140.0
20.3
140.0
140.0
118.3
4.9
44.1
2.1
140.0
59.5
77.7
101.5
97.3
140.0
13.3
41.3
105.7
140.0
16.1
46.9
4.9
6.3
140.0
118.3
140.0
140.0
3.5
0.7
140.0
2.1
9.1
140.0
10.5
140.0
140.0
101.5
140.0
10.5
140.0
140.0
6.3
27.3
76.3
3.5
90.3
17.5
140.0
2.1
3.5
140.0
4.9
87.5
6.3
9.1
2.1
6.3
2.1
6.3
45.5
140.0
4.9
140.0
140.0
140.0
7.7
140.0
37.1
140.0
62.3
140.0
27.3
34.3
86.1
140.0
17.5
86.1
140.0
66.5
140.0
140.0
140.0
42.7
38.5
0.7
140.0
4.9
32.9
140.0
73.5
140.0
16.1
23.1
140.0
59.5
44.1
69.3
13.3
0.7
140.0
140.0
6.3
31.5
91.7
94.5
140.0
140.0
2.1
140.0
20.3
140.0
140.0
140.0
2.1
23.1
41.3
16.1
140.0
17.5
81.9
140.0
140.0
115.5
140.0
140.0
41.3
6.3
140.0
11.9
140.0
140.0
14.7
21.7
10.5
63.7
140.0
140.0
39.9
51.1
4.9
140.0
140.0
67.9
11.9
10.5
53.9
140.0
23.1
37.1
140.0
140.0
140.0
11.9
13.3
20.3
73.5
91.7
140.0
72.1
51.1
18.9
42.7
140.0
140.0
140.0
63.7
140.0
140.0
17.5
20.3
27.3
23.1
16.1
21.7
42.7
23.1
140.0
39.9
140.0
16.1
7.7
140.0
76.3
140.0
140.0
16.1
4.9
18.9
140.0
140.0
45.5
140.0
3.5
4.9
140.0
32.9
10.5
9.1
3.5
140.0
37.1
16.1
140.0
140.0
0.7
17.5
140.0
115.5
6.3
140.0
6.3
4.9
115.5
140.0
109.9
9.1
91.7
10.5
116.9
140.0
84.7
140.0
13.3
31.5
97.3
140.0
41.3
24.5
105.7
140.0
72.1
23.1
17.5
31.5
38.5
35.7
10.5
140.0
86.1
56.7
20.3
74.9
30.1
108.5
140.0
115.5
4.9
140.0
140.0
140.0
24.5
63.7
140.0
4.9
140.0
81.9
140.0
107.1
140.0
140.0
140.0
60.9
140.0
30.1
44.1
66.5
37.1
11.9
13.3
52.5
18.9
41.3
60.9
38.5
13.3
140.0
140.0
140.0
140.0
140.0
116.9
140.0
3.5
81.9
108.5
72.1
14.7
41.3
31.5
69.3
140.0
76.3
14.7
25.9
98.7
42.7
27.3
140.0
58.1
55.3
140.0
6.3
91.7
140.0
140.0
90.3
140.0
140.0
140.0
140.0
115.5
11.9
45.5
140.0
140.0
39.9
140.0
90.3
10.5
48.3
140.0
3.5
21.7
24.5
140.0
140.0
38.5
16.1
24.5
140.0
14.7
27.3
7.7
2.1
140.0
140.0
21.7
140.0
7.7
45.5
28.7
79.1
140.0
59.5
140.0
14.7
39.9
14.7
52.5
140.0
0.7
140.0
140.0
140.0
140.0
140.0
21.7
35.7
140.0
30.1
140.0
95.9
7.7
140.0
140.0
70.7
2.1
14.7
140.0
90.3
30.1
70.7
140.0
21.7
21.7
140.0
31.5
80.5
27.3
140.0
140.0
140.0
140.0
140.0
59.5
23.1
16.1
140.0
140.0
140.0
87.5
7.7
140.0
140.0
27.3
77.7
140.0
140.0
20.3
140.0
65.1
38.5
95.9
140.0
4.9
140.0
6.3
6.3
3.5
16.1
83.3
20.3
14.7
32.9
140.0
140.0
140.0
21.7
140.0
140.0
53.9
6.3
140.0
23.1
140.0
140.0
74.9
140.0
32.9
140.0
27.3
140.0
140.0
140.0
140.0
140.0
140.0
7.7
34.3
13.3
140.0
16.1
140.0
140.0
67.9
140.0
140.0
140.0
14.7
34.3
140.0
60.9
140.0
140.0
60.9
23.1
140.0
140.0
16.1
140.0
140.0
140.0
28.7
76.3
140.0
140.0
41.3
140.0
140.0
7.7
34.3
55.3
140.0
11.9
62.3
7.7
0.7
140.0
27.3
140.0
16.1
27.3
18.9
16.1
7.7
3.5
6.3
140.0
69.3
140.0
20.3
9.1
140.0
140.0
31.5
18.9
140.0
58.1
7.7
140.0
30.1
10.5
30.1
140.0
2.1
140.0
140.0
18.9
27.3
39.9
4.9
140.0
6.3
2.1
27.3
48.3
140.0
38.5
140.0
6.3
37.1
115.5
140.0
140.0
7.7
0.7
140.0
140.0
140.0
2.1
2.1
140.0
140.0
10.5
11.9
140.0
72.1
102.9
20.3
140.0
140.0
140.0
140.0
140.0
28.7
140.0
67.9
140.0
27.3
34.3
105.7
23.1
38.5
87.5
140.0
46.9
140.0
6.3
6.3
25.9
140.0
14.7
6.3
67.9
112.7
11.9
16.1
140.0
4.9
140.0
35.7
52.5
140.0
44.1
140.0
72.1
24.5
6.3
27.3
6.3
9.1
18.9
34.3
140.0
44.1
2.1
10.5
10.5
140.0
140.0
140.0
3.5
140.0
46.9
44.1
44.1
140.0
24.5
140.0
30.1
2.1
31.5
17.5
0.7
39.9
17.5
140.0
140.0
105.7
25.9
3.5
14.7
10.5
0.7
2.1
140.0
140.0
140.0
140.0
9.1
4.9
140.0
6.3
140.0
140.0
140.0
140.0
58.1
0.7
84.7
101.5
81.9
140.0
140.0
140.0
140.0
140.0
140.0
140.0
140.0
70.7
140.0
140.0
3.5
18.9
24.5
140.0
66.5
140.0
2.1
46.9
25.9
28.7
31.5
94.5
140.0
140.0
140.0
0.7
140.0
7.7
140.0
46.9
27.3
140.0
7.7
140.0
66.5
3.5
140.0
28.7
6.3
140.0
9.1
140.0
45.5
63.7
51.1
32.9
140.0
10.5
140.0
2.1
6.3
140.0
73.5
93.1
6.3
16.1
23.1
59.5
35.7
70.7
23.1
27.3
10.5
140.0
10.5
42.7
25.9
72.1
140.0
140.0
140.0
140.0
140.0
37.1
14.7
111.3
80.5
20.3
140.0
140.0
24.5
34.3
18.9
140.0
116.9
86.1
60.9
140.0
3.5
48.3
2.1
62.3
7.7
6.3
140.0
4.9
140.0
140.0
97.3
27.3
140.0
3.5
140.0
140.0
140.0
62.3
95.9
94.5
27.3
4.9
140.0
140.0
13.3
140.0
16.1
17.5
140.0
77.7
104.3
58.1
32.9
97.3
140.0
111.3
140.0
108.5
39.9
83.3
18.9
140.0
140.0
111.3
60.9
67.9
69.3
2.1
65.1
140.0
53.9
16.1
58.1
140.0
4.9
16.1
140.0
140.0
140.0
140.0
140.0
20.3
140.0
101.5
18.9
140.0
46.9
66.5
34.3
140.0
140.0
140.0
140.0
31.5
27.3
16.1
18.9
37.1
140.0
45.5
48.3
121.1
27.3
140.0
42.7
140.0
140.0
140.0
140.0
140.0
7.7
140.0
35.7
81.9
55.3
140.0
45.5
34.3
13.3
140.0
140.0
140.0
140.0
140.0
140.0
140.0
140.0
107.1
21.7
30.1
140.0
140.0
140.0
140.0
13.3
58.1
72.1
140.0
27.3
140.0
119.7
13.3
118.3
7.7
140.0
140.0
140.0
140.0
140.0
69.3
39.9
56.7
140.0
18.9
81.9
16.1
140.0
140.0
35.7
39.9
140.0
21.7
62.3
32.9
11.9
140.0
140.0
95.9
60.9
140.0
140.0
140.0
104.3
10.5
140.0
140.0
11.9
119.7
140.0
97.3
59.5
140.0
140.0
21.7
140.0
140.0
56.7
53.9
140.0
140.0
140.0
140.0
51.1
65.1
140.0
16.1
140.0
140.0
140.0
140.0
140.0
67.9
140.0
90.3
140.0
31.5
140.0
9.1
140.0
140.0
140.0
140.0
31.5
140.0
3.5
140.0
17.5
35.7
76.3
140.0
45.5
98.7
30.1
140.0
25.9
140.0
140.0
140.0
140.0
140.0
10.5
37.1
140.0
140.0
37.1
39.9
140.0
140.0
32.9
83.3
11.9
140.0
30.1
59.5
140.0
93.1
140.0
66.5
9.1
140.0
140.0
14.7
140.0
27.3
52.5
140.0
140.0
140.0
14.7
69.3
140.0
9.1
140.0
140.0
11.9
140.0
140.0
140.0
34.3
66.5
140.0
140.0
66.5
125.3
140.0
140.0
60.9
34.3
53.9
140.0
20.3
140.0
28.7
140.0
140.0
25.9
140.0
27.3
94.5
140.0
140.0
58.1
37.1
35.7
140.0
140.0
24.5
14.7
140.0
27.3
140.0
51.1
52.5
35.7
112.7
46.9
11.9
140.0
87.5
140.0
140.0
80.5
140.0
140.0
140.0
140.0
24.5
140.0
140.0
140.0
140.0
88.9
140.0
140.0
23.1
140.0
17.5
140.0
9.1
44.1
140.0
25.9
140.0
53.9
140.0
35.7
28.7
28.7
24.5
112.7
140.0
140.0
73.5
140.0
140.0
44.1
140.0
93.1
140.0
84.7
140.0
140.0
140.0
81.9
28.7
18.9
45.5
140.0
140.0
140.0
140.0
25.9
38.5
140.0
140.0
97.3
97.3
24.5
140.0
17.5
140.0
21.7
140.0
140.0
6.3
32.9
14.7
140.0
140.0
140.0
140.0
140.0
27.3
55.3
140.0
140.0
25.9
140.0
140.0
24.5
16.1
65.1
98.7
86.1
140.0
111.3
140.0
140.0
140.0
140.0
140.0
88.9
49.7
49.7
140.0
140.0
140.0
140.0
140.0
80.5
32.9
140.0
140.0
23.1
140.0
21.7
140.0
140.0
140.0
140.0
63.7
140.0
140.0
140.0
140.0
38.5
140.0
140.0
34.3
140.0
140.0
48.3
140.0
140.0
140.0
53.9
140.0
140.0
140.0
140.0
140.0
23.1
84.7
140.0
140.0
140.0
140.0
20.3
62.3
140.0
118.3
16.1
53.9
55.3
140.0
20.3
3.5
4.9
140.0
4.9
45.5
2.1
140.0
83.3
14.7
20.3
140.0
18.9
65.1
52.5
140.0
16.1
10.5
11.9
2.1
140.0
34.3
140.0
3.5
63.7
6.3
35.7
49.7
10.5
140.0
13.3
2.1
13.3
14.7
70.7
13.3
49.7
140.0
140.0
44.1
30.1
140.0
58.1
3.5
4.9
24.5
140.0
10.5
27.3
10.5
44.1
140.0
14.7
0.7
95.9
140.0
140.0
140.0
13.3
14.7
140.0
140.0
7.7
140.0
46.9
13.3
14.7
32.9
83.3
6.3
17.5
4.9
28.7
90.3
0.7
140.0
107.1
51.1
3.5
63.7
2.1
140.0
140.0
65.1
2.1
59.5
140.0
27.3
140.0
140.0
9.1
16.1
6.3
2.1
13.3
140.0
35.7
140.0
140.0
27.3
23.1
21.7
2.1
140.0
70.7
140.0
102.9
11.9
6.3
140.0
0.7
0.7
2.1
0.7
49.7
41.3
140.0
6.3
95.9
140.0
140.0
10.5
13.3
46.9
31.5
69.3
91.7
140.0
17.5
109.9
2.1
140.0
140.0
0.7
140.0
2.1
31.5
42.7
49.7
21.7
2.1
7.7
16.1
111.3
9.1
140.0
101.5
0.7
0.7
83.3
37.1
34.3
14.7
87.5
30.1
2.1
13.3
93.1
140.0
140.0
4.9
6.3
140.0
105.7
76.3
140.0
140.0
4.9
111.3
140.0
32.9
91.7
44.1
25.9
72.1
123.9
140.0
3.5
9.1
60.9
24.5
4.9
140.0
2.1
108.5
90.3
140.0
140.0
7.7
0.7
109.9
2.1
27.3
41.3
140.0
140.0
44.1
140.0
140.0
4.9
35.7
16.1
10.5
140.0
11.9
140.0
18.9
107.1
51.1
3.5
140.0
3.5
2.1
28.7
140.0
34.3
140.0
116.9
13.3
35.7
6.3
10.5
69.3
140.0
11.9
4.9
3.5
3.5
3.5
140.0
39.9
24.5
104.3
27.3
118.3
34.3
35.7
9.1
30.1
13.3
140.0
140.0
7.7
28.7
49.7
0.7
67.9
9.1
140.0
140.0
140.0
25.9
140.0
31.5
140.0
140.0
4.9
16.1
140.0
32.9
140.0
66.5
52.5
16.1
51.1
0.7
27.3
84.7
140.0
37.1
140.0
65.1
18.9
45.5
3.5
17.5
140.0
31.5
11.9
30.1
140.0
4.9
45.5
17.5
48.3
74.9
74.9
140.0
60.9
140.0
13.3
84.7
140.0
140.0
140.0
118.3
104.3
122.5
10.5
41.3
35.7
140.0
140.0
140.0
11.9
14.7
140.0
7.7
48.3
17.5
24.5
39.9
140.0
140.0
130.9
140.0
21.7
6.3
32.9
30.1
17.5
140.0
140.0
34.3
10.5
46.9
20.3
42.7
13.3
37.1
6.3
140.0
140.0
140.0
4.9
6.3
16.1
140.0
11.9
140.0
140.0
11.9
13.3
140.0
0.7
72.1
66.5
14.7
87.5
140.0
69.3
16.1
30.1
2.1
18.9
140.0
140.0
32.9
140.0
