5.95
78.75
26.95
8.75
25.55
140.0
7.35
25.55
15.75
3.15
75.95
18.55
18.55
81.55
42.35
1.75
130.55
5.95
4.55
8.75
31.15
3.15
24.15
63.35
35.35
31.15
26.95
22.75
21.35
35.35
8.75
7.35
1.75
8.75
45.15
17.15
15.75
11.55
10.15
25.55
14.35
26.95
24.15
140.0
21.35
12.95
7.35
35.35
46.55
18.55
40.95
85.75
1.75
11.55
8.75
29.75
140.0
28.35
14.35
33.95
46.55
5.95
7.35
140.0
14.35
11.55
140.0
8.75
130.55
88.55
8.75
12.95
8.75
1.75
38.15
25.55
10.15
19.95
10.15
24.15
0.35
8.75
61.95
14.35
35.35
140.0
1.75
5.95
32.55
64.75
140.0
57.75
11.55
25.55
10.15
25.55
10.15
71.75
5.95
17.15
10.15
7.35
18.55
11.55
12.95
28.35
8.75
7.35
4.55
8.75
32.55
43.75
8.75
5.95
82.95
8.75
28.35
7.35
73.15
140.0
11.55
4.55
14.35
19.95
140.0
8.05
10.85
37.45
2.45
10.85
8.05
15.05
5.25
8.05
92.05
1.05
5.25
8.05
23.45
140.0
140.0
8.05
90.65
117.25
10.85
13.65
3.85
3.85
26.25
8.05
26.25
2.45
5.25
15.05
16.45
5.25
8.05
10.85
65.45
5.25
8.05
20.65
5.25
13.65
5.25
40.25
64.05
26.25
8.05
9.45
16.45
37.45
3.85
10.85
10.85
9.45
8.05
16.45
6.65
26.25
10.85
82.25
27.65
24.85
5.25
16.45
30.45
9.45
37.45
19.25
1.05
8.05
2.45
12.25
37.45
19.25
3.85
52.85
17.85
10.85
24.85
22.05
26.25
61.25
9.45
37.45
129.85
19.25
13.65
5.25
33.25
10.85
10.85
12.25
15.05
55.65
38.85
16.45
31.85
16.45
34.65
16.45
6.65
19.25
19.25
5.25
38.85
10.85
16.45
9.45
6.65
12.25
3.85
17.85
43.05
26.25
49.0
16.8
14.0
7.0
14.0
8.4
14.0
14.0
16.8
5.6
12.6
9.8
2.8
140.0
14.0
11.2
140.0
8.4
89.6
39.2
12.6
4.2
2.8
11.2
22.4
15.4
14.0
21.0
19.6
43.4
7.0
140.0
11.2
12.6
140.0
11.2
128.8
140.0
28.0
7.0
12.6
28.0
32.2
16.8
72.8
30.8
9.8
4.2
1.4
16.8
16.8
8.4
1.4
23.8
9.8
140.0
16.8
22.4
40.6
54.6
4.2
9.8
7.0
28.0
21.0
35.0
1.4
64.4
4.2
4.2
15.4
16.8
28.0
8.4
64.4
39.2
23.8
9.8
14.0
18.2
26.6
26.6
8.4
32.2
14.0
9.8
11.2
4.2
21.0
7.0
58.8
28.0
9.8
7.0
23.8
21.0
19.6
5.6
56.0
11.2
14.0
18.2
8.4
23.8
11.2
25.2
47.6
11.2
15.4
23.8
23.8
49.0
140.0
51.8
14.0
140.0
105.0
1.4
21.0
22.4
44.8
32.2
12.6
36.4
11.2
32.2
32.2
42.0
11.2
7.0
8.4
43.4
8.4
16.8
7.0
35.0
19.6
68.6
8.4
9.8
9.8
23.8
15.4
56.0
9.8
9.8
9.8
16.8
43.4
15.4
57.4
113.4
15.4
30.8
50.4
21.0
21.0
44.8
5.6
14.0
26.6
43.4
8.4
7.0
16.8
140.0
19.6
7.0
4.2
11.2
32.2
11.2
8.4
4.2
16.8
8.4
14.0
79.8
23.8
12.6
2.8
14.0
19.6
22.4
32.2
16.8
29.4
7.0
63.0
14.0
5.6
8.4
8.4
9.8
22.4
2.8
14.0
9.8
96.6
49.0
11.2
57.4
35.0
8.4
61.6
105.0
46.2
51.8
14.0
9.8
4.2
56.0
75.6
11.2
21.0
9.8
9.8
19.6
9.8
22.4
23.8
30.8
5.6
51.8
140.0
92.4
16.8
140.0
21.0
12.6
58.8
8.4
23.8
39.2
91.0
5.6
123.2
25.2
7.0
40.6
18.2
18.2
71.4
140.0
49.0
2.8
14.0
19.6
23.8
9.8
14.0
86.8
33.6
4.2
4.2
12.6
12.6
74.2
50.4
14.0
5.6
26.6
14.0
57.4
22.4
12.6
5.6
21.0
30.8
37.8
140.0
8.4
33.6
18.2
14.0
140.0
42.0
11.2
140.0
140.0
112.0
11.2
8.4
28.0
15.4
9.8
14.0
19.6
140.0
21.0
47.6
11.2
9.8
51.8
4.2
11.2
2.8
107.8
22.4
57.4
47.6
61.6
8.4
4.2
11.2
67.2
58.8
23.8
47.6
11.2
86.8
12.6
19.6
16.8
2.8
14.0
25.2
37.8
79.8
30.8
140.0
18.2
140.0
92.4
2.8
49.0
28.0
12.6
7.0
12.6
35.0
140.0
15.4
9.8
8.4
29.4
42.0
23.8
14.0
11.2
12.6
21.0
16.8
11.2
28.0
72.8
11.2
18.2
21.0
140.0
9.8
11.2
5.6
140.0
36.4
8.4
29.4
8.4
2.8
140.0
58.8
42.0
12.6
2.8
19.6
2.8
7.0
140.0
140.0
8.4
140.0
11.2
26.6
5.6
28.0
11.2
72.8
47.6
140.0
18.2
4.2
8.4
5.6
18.2
33.6
7.0
61.6
19.6
49.0
5.6
12.6
4.2
25.2
11.2
49.0
8.4
2.8
140.0
8.4
14.0
16.8
11.2
5.6
12.6
15.4
46.2
14.0
15.4
30.8
19.6
36.4
11.2
16.8
28.0
140.0
36.4
12.6
9.8
11.2
19.6
11.2
25.2
23.8
8.4
9.8
19.6
140.0
8.4
47.6
1.4
22.4
25.2
25.2
140.0
37.8
18.2
8.4
15.4
140.0
140.0
19.6
39.2
29.4
22.4
16.8
15.4
11.2
29.4
8.4
60.2
67.2
29.4
4.2
23.8
19.6
29.4
12.6
9.8
65.8
21.0
43.4
140.0
140.0
33.6
15.4
18.2
12.6
12.25
10.85
89.25
9.45
26.25
8.05
20.65
1.05
3.85
40.25
47.25
16.45
5.25
72.45
129.85
16.45
15.05
13.65
8.05
17.85
1.05
27.65
9.45
9.45
2.45
22.05
9.45
2.45
15.05
82.25
8.05
44.45
31.85
9.45
10.85
2.45
2.45
23.45
5.25
6.65
6.65
12.25
10.85
31.85
2.45
6.65
15.05
20.65
1.05
26.25
23.45
1.05
10.85
9.45
8.05
140.0
6.65
16.45
1.05
47.25
92.05
5.25
2.45
79.45
24.85
6.65
13.65
6.65
5.25
5.25
3.85
52.85
33.25
12.25
20.65
23.45
19.25
6.65
15.05
87.85
5.25
17.85
8.05
140.0
31.85
38.85
22.05
8.05
3.85
1.05
10.85
12.25
16.45
24.85
8.05
15.05
10.85
5.25
3.85
5.25
40.25
8.05
12.25
13.65
19.25
15.05
59.85
3.85
8.05
8.05
10.85
8.05
19.25
10.85
24.85
20.65
54.25
3.85
17.85
12.25
22.05
5.25
29.05
9.45
9.45
10.85
15.05
2.45
15.05
20.65
6.65
15.05
59.85
44.45
27.65
15.05
6.65
47.25
140.0
3.85
29.05
3.85
2.45
5.25
59.85
20.65
10.85
129.85
5.25
22.05
61.25
3.85
17.85
5.25
2.45
24.85
8.05
9.45
3.85
12.25
5.25
5.25
140.0
5.25
6.65
3.85
1.05
140.0
17.85
31.85
2.45
16.45
72.45
6.65
2.45
15.05
10.85
8.05
9.45
51.45
8.05
17.85
1.05
30.45
29.05
10.85
58.45
3.85
2.45
3.85
3.85
87.85
3.85
140.0
140.0
47.25
73.85
16.45
140.0
140.0
17.85
30.45
17.85
21.0
30.8
140.0
37.8
7.0
46.2
7.0
7.0
23.8
8.4
43.4
7.0
5.6
2.8
2.8
11.2
12.6
15.4
54.6
29.4
14.0
8.4
22.4
37.8
26.6
9.8
12.6
8.4
14.0
49.0
22.4
5.6
22.4
4.2
44.8
11.2
43.4
16.8
16.8
16.8
21.0
15.4
12.6
8.4
19.6
16.8
23.8
19.6
37.8
23.8
9.8
11.2
11.2
22.4
18.2
39.2
18.2
16.8
33.6
29.4
11.2
7.0
7.0
7.0
1.4
39.2
15.4
29.4
15.4
14.0
8.4
7.0
28.0
29.4
86.8
21.0
37.8
93.8
22.4
22.4
140.0
8.4
22.4
28.0
7.0
2.8
65.8
42.0
39.2
32.2
30.8
16.8
123.2
9.8
15.4
70.0
23.8
9.8
32.2
7.0
7.0
16.8
21.0
16.8
37.8
18.2
16.8
11.2
9.8
22.4
81.2
29.4
15.4
5.6
25.2
18.2
21.0
140.0
140.0
49.0
15.4
25.2
4.2
7.0
19.6
7.0
5.6
60.2
33.6
77.0
22.4
16.8
26.6
19.6
16.8
11.2
37.8
11.2
91.0
22.4
53.2
4.2
14.0
12.6
140.0
16.8
16.8
75.6
5.6
8.4
15.4
14.0
7.0
75.6
12.6
16.8
63.0
30.8
49.0
140.0
28.0
50.4
15.4
140.0
5.6
4.2
140.0
12.6
11.2
4.2
16.8
16.8
18.2
28.0
114.8
16.8
5.6
39.2
22.4
16.8
26.6
91.0
58.8
26.6
9.8
35.0
23.8
140.0
1.4
16.8
23.8
14.0
14.0
1.4
5.6
14.0
42.0
15.4
2.8
15.4
65.8
14.0
29.4
7.0
16.8
14.0
23.8
21.0
140.0
140.0
18.2
11.2
8.4
21.0
25.2
32.2
23.8
11.2
18.2
26.6
12.6
21.0
7.0
26.6
19.6
18.2
14.0
30.8
32.2
32.2
4.2
16.8
49.0
37.8
28.0
14.0
19.6
1.4
43.4
23.8
5.6
49.0
18.2
78.4
72.8
32.2
98.0
11.2
109.2
9.8
8.4
140.0
29.4
64.4
2.8
106.4
12.6
50.4
9.8
50.4
30.8
16.8
12.6
9.8
12.6
7.0
12.6
21.0
36.4
30.8
4.2
8.4
35.0
4.2
39.2
7.0
28.0
19.6
39.2
140.0
49.0
15.4
140.0
68.6
9.8
140.0
9.8
32.2
15.4
102.2
16.8
16.8
16.8
8.4
140.0
140.0
72.8
26.6
2.8
140.0
68.6
36.4
15.4
42.0
18.2
14.0
26.6
30.8
9.8
22.4
7.0
39.2
9.8
7.0
11.2
11.2
19.6
14.0
32.2
18.2
71.4
16.8
14.0
16.8
51.8
56.0
11.2
19.6
9.8
15.4
30.8
25.2
9.8
23.8
12.6
140.0
140.0
12.6
29.4
116.2
50.4
98.0
47.6
7.0
4.2
140.0
35.0
36.4
12.6
7.0
4.2
22.4
23.8
14.0
11.2
4.2
9.8
114.8
15.4
42.0
7.0
16.8
11.2
4.2
18.2
15.4
7.0
36.4
7.0
14.0
32.2
2.8
40.6
9.8
12.6
35.0
28.0
19.6
21.0
140.0
75.6
28.0
26.6
30.8
25.2
1.4
49.0
140.0
11.2
42.0
140.0
140.0
121.8
7.0
23.8
7.0
18.2
14.0
9.8
11.2
56.0
8.4
37.8
37.8
19.6
18.2
89.6
12.6
15.4
8.4
16.8
39.2
21.0
15.4
26.6
29.4
7.0
9.8
9.8
26.6
30.8
12.6
25.2
35.0
40.6
4.2
119.0
57.4
19.6
4.2
16.8
39.2
18.2
14.0
61.6
14.0
44.8
12.6
14.0
16.8
42.0
14.0
140.0
9.8
9.8
33.6
9.8
5.6
11.2
22.4
50.4
11.2
7.0
44.8
