26
11
25
23
5
4
37
17
4
13
12
17
84
16
14
16
19
98
20
0
29
2
5
45
90
98
17
16
98
13
3
98
17
17
75
5
17
22
10
2
46
6
14
2
7
13
16
55
14
4
5
24
98
8
21
7
73
2
23
5
11
9
46
6
98
3
22
21
17
10
2
2
35
38
5
3
98
18
3
47
41
13
32
98
98
10
6
91
23
19
8
12
11
12
79
5
3
18
98
24
32
98
20
98
61
98
35
38
61
38
98
10
8
15
11
1
8
15
2
2
18
1
98
16
52
13
6
16
38
13
46
12
6
19
8
61
9
3
9
22
16
26
3
98
30
13
17
15
10
23
9
88
16
18
3
98
12
18
9
16
14
4
50
10
12
5
5
2
15
98
9
62
12
4
7
98
8
17
30
12
7
23
3
44
14
23
13
3
13
92
17
3
10
40
26
10
7
16
3
98
13
8
4
12
4
4
49
45
26
98
3
79
8
6
15
98
3
11
20
18
13
11
24
25
9
17
20
10
98
46
2
17
5
25
2
19
12
10
23
98
5
22
98
4
52
47
5
55
8
8
98
37
2
39
44
25
5
12
12
98
9
17
8
14
13
98
57
11
3
13
10
2
30
9
19
14
14
21
21
98
43
4
3
35
28
8
57
73
7
11
98
28
11
90
21
46
98
12
39
15
37
17
3
18
15
17
20
12
17
98
33
9
2
98
3
3
7
19
98
8
8
4
98
98
34
20
5
92
11
6
9
98
17
10
41
4
98
6
19
22
47
7
19
2
6
11
12
11
11
15
21
15
20
9
10
16
91
98
2
51
98
98
4
50
8
2
7
4
5
98
32
1
6
2
5
8
98
6
5
10
2
17
89
23
14
38
26
17
10
14
3
5
3
3
16
13
2
3
7
7
15
15
42
3
9
23
16
4
9
12
18
12
7
14
11
6
2
98
9
33
98
14
5
19
6
98
18
26
5
2
3
40
33
8
2
11
56
35
98
8
13
6
4
64
25
10
37
11
6
57
10
29
14
13
4
50
18
8
9
98
8
42
18
77
2
45
57
2
13
98
11
2
3
98
22
8
16
18
20
18
19
20
10
3
98
11
35
13
98
21
94
98
19
18
5
7
16
10
10
44
15
3
2
39
7
38
98
3
13
28
9
27
2
6
6
13
98
31
34
3
22
7
43
28
98
53
28
2
18
17
11
98
24
5
6
98
38
20
98
15
30
4
17
10
13
10
7
10
98
14
33
16
13
30
25
98
87
51
22
98
9
22
54
15
19
18
98
22
16
46
6
98
58
19
70
6
14
6
71
4
49
98
12
56
11
18
12
16
11
6
14
83
49
98
25
32
23
68
31
26
59
44
9
12
22
98
98
98
14
48
27
21
60
6
32
2
15
16
98
98
40
8
28
4
27
42
13
34
34
34
29
30
21
16
57
2
98
98
13
30
98
35
98
32
30
43
98
98
36
8
98
11
32
13
18
19
1
18
24
40
11
9
98
7
10
72
46
3
53
8
14
15
6
20
9
3
48
30
3
10
4
33
9
5
12
3
6
44
98
52
20
19
29
14
98
10
14
2
20
11
89
22
5
10
98
14
64
71
8
9
42
17
8
40
11
3
2
18
7
5
10
3
12
2
29
6
8
13
13
21
12
12
5
18
34
54
5
80
12
3
7
81
2
98
45
3
21
21
11
13
5
15
7
13
5
14
15
7
5
22
9
6
54
37
20
26
5
11
2
2
35
12
4
33
2
98
22
12
15
9
7
3
62
5
14
11
2
11
46
2
59
16
98
40
31
4
98
98
11
30
15
10
18
15
98
4
8
23
21
3
10
16
13
52
5
22
9
20
2
98
54
16
3
26
5
11
27
98
8
8
45
2
3
9
98
18
98
98
48
14
24
3
36
98
3
4
14
3
73
30
35
14
15
11
96
53
98
10
42
98
35
98
2
27
38
11
17
98
10
54
10
7
28
98
98
34
66
12
68
3
8
44
4
12
8
18
16
3
12
24
29
37
2
51
15
2
6
98
38
98
3
98
18
39
48
4
98
64
8
98
9
15
11
28
36
11
23
13
4
21
7
98
7
12
12
41
44
98
8
17
70
15
3
10
12
9
16
6
8
14
98
21
21
8
28
98
7
3
4
18
47
58
28
19
10
47
16
98
24
4
8
2
11
14
8
10
14
7
39
11
26
21
2
30
98
3
13
4
7
13
18
14
3
3
23
7
10
28
98
98
98
61
66
34
2
25
18
14
18
27
2
17
10
15
11
7
3
6
41
27
6
9
9
8
24
36
41
3
98
23
98
6
98
12
8
9
6
40
17
3
48
37
12
9
30
5
29
15
18
48
33
19
37
3
39
7
15
4
9
98
12
5
98
6
59
31
11
9
49
54
14
6
3
20
13
6
77
13
3
21
7
31
22
78
6
9
56
48
33
86
16
8
3
74
16
10
16
19
3
98
60
18
9
1
30
5
29
13
23
10
35
9
26
12
2
61
23
28
2
98
9
5
3
33
3
36
2
20
17
24
3
98
44
56
42
33
98
11
16
64
57
52
7
26
13
21
12
3
3
98
11
79
27
13
66
8
29
4
16
3
4
14
8
98
98
16
21
5
18
98
24
85
3
8
33
13
42
10
6
12
3
43
76
98
2
6
19
5
14
11
12
3
10
2
27
35
1
14
14
13
54
57
98
27
7
8
11
98
8
37
8
17
8
2
20
21
20
98
7
6
27
98
25
27
98
3
43
27
59
8
3
56
52
13
27
18
4
2
33
4
9
2
46
4
36
3
2
33
29
21
63
39
40
20
30
21
4
15
19
25
15
2
9
32
4
7
2
12
29
9
39
13
4
11
44
4
98
3
3
55
98
2
6
3
6
4
21
20
16
32
42
3
4
66
20
38
29
3
23
18
10
9
18
27
63
98
4
13
15
28
3
49
11
23
98
79
8
7
24
3
10
29
5
18
27
3
3
37
14
98
33
56
98
7
2
48
98
98
57
6
98
36
18
37
8
17
48
9
13
11
2
10
3
18
16
34
4
27
98
43
39
13
4
18
24
8
4
9
33
98
3
33
8
40
5
7
6
20
7
7
2
55
41
63
20
4
5
4
4
39
7
22
5
17
7
4
28
12
7
25
8
80
11
4
7
2
7
5
13
3
9
5
3
9
8
5
5
11
7
0
4
6
7
6
4
3
6
5
31
8
41
14
1
31
12
3
17
98
7
3
6
13
5
72
3
1
4
36
2
6
20
43
5
15
1
10
6
9
81
5
4
7
33
8
19
6
35
98
15
20
3
16
6
4
98
98
13
98
98
8
7
5
4
3
2
98
3
4
6
8
5
4
20
8
27
14
4
21
44
24
8
16
7
11
98
8
7
3
44
4
6
4
3
98
9
3
13
3
48
0
98
23
10
9
2
3
98
98
21
33
3
11
5
4
5
5
98
98
12
12
2
20
2
5
11
4
8
4
83
47
2
12
4
98
16
4
22
13
9
17
9
12
0
8
4
18
10
98
12
10
38
98
6
27
3
29
2
2
3
8
65
13
98
12
2
98
8
6
98
42
7
92
78
98
3
3
25
6
10
98
3
7
98
98
98
4
98
13
98
9
11
10
3
1
12
4
98
3
7
64
7
6
2
1
98
10
3
36
98
3
10
4
10
2
18
5
2
0
13
7
20
7
4
98
21
2
8
6
16
98
5
98
5
8
8
4
98
10
2
7
3
13
10
30
9
3
2
5
11
9
40
6
9
4
5
20
22
11
6
5
98
68
27
13
16
10
22
27
33
19
16
46
2
12
6
21
6
3
23
98
3
5
5
98
19
8
54
43
4
98
2
2
8
87
98
5
8
6
3
88
88
3
3
15
3
98
98
98
5
12
4
3
5
7
11
11
31
2
4
4
5
17
13
18
21
3
56
98
13
2
98
20
7
36
3
98
32
35
98
49
17
4
2
9
9
5
9
7
5
8
29
49
3
5
8
98
4
25
3
1
7
3
13
6
69
13
98
98
63
5
5
52
13
98
10
7
8
32
4
15
2
98
3
3
5
9
25
98
4
98
20
6
2
2
34
48
7
42
10
98
6
4
10
1
6
6
6
6
4
1
14
98
1
8
76
98
41
12
4
5
12
98
98
1
32
6
19
20
6
27
6
16
8
5
47
98
7
98
98
8
11
3
8
40
20
7
1
10
98
6
25
19
4
8
16
13
27
3
18
98
27
6
4
8
30
98
2
10
5
62
98
3
3
25
10
30
7
6
36
7
98
3
43
11
20
3
1
32
5
7
10
6
9
98
27
4
30
11
43
6
8
6
7
9
6
17
98
6
5
98
6
98
9
24
98
37
1
98
7
4
8
17
10
8
3
7
98
78
79
21
8
3
6
9
11
33
36
53
2
18
4
26
6
98
4
47
43
9
98
23
38
18
53
6
3
15
4
11
98
32
44
7
7
51
98
98
6
98
41
1
10
8
14
14
46
28
6
11
11
98
2
5
98
2
4
13
2
17
6
20
98
98
10
13
28
8
14
10
29
98
50
98
7
40
35
98
6
26
82
11
2
9
98
19
2
78
5
35
54
98
34
6
12
14
98
2
6
21
13
10
5
18
7
14
8
23
6
81
98
14
10
24
26
8
14
98
16
98
3
7
98
19
27
47
20
14
98
6
12
35
98
13
59
4
11
98
4
26
3
2
15
52
5
8
34
86
13
14
14
6
31
63
23
19
37
13
24
13
6
20
8
8
14
6
42
26
27
11
18
98
7
26
14
65
4
83
46
60
14
17
17
8
98
23
6
28
13
7
98
6
14
98
11
29
9
6
98
11
14
6
6
7
62
98
6
9
44
98
3
2
41
2
11
3
12
18
98
98
98
12
14
18
98
98
13
27
21
60
11
1
10
11
3
17
11
9
8
14
10
7
1
98
0
12
6
23
8
13
98
81
3
4
82
19
10
29
6
26
18
16
15
9
41
16
13
98
48
23
5
61
2
98
3
98
4
7
24
21
98
17
7
1
13
98
5
2
11
34
15
8
98
98
11
27
8
98
1
8
11
38
10
10
98
4
24
19
12
6
21
98
98
34
5
7
9
8
4
40
10
47
10
98
98
98
98
5
30
9
3
98
9
6
98
98
26
5
6
98
11
25
2
1
8
15
98
71
23
69
10
22
3
18
39
7
58
8
98
12
8
13
17
10
6
11
98
98
16
22
35
50
1
6
7
6
3
74
7
39
5
16
98
11
98
4
5
11
4
33
16
20
25
33
7
3
9
7
16
7
46
10
98
5
98
7
33
6
98
5
8
13
98
86
39
10
25
98
13
5
44
7
10
13
23
7
22
5
7
5
7
8
11
5
28
98
98
47
5
72
64
98
12
98
46
5
40
6
7
4
8
5
29
98
10
51
7
41
21
3
88
3
10
7
14
8
8
8
44
0
21
11
7
11
18
15
10
27
98
9
12
11
9
23
21
7
17
29
18
37
3
98
4
28
9
98
7
98
74
7
98
20
7
18
21
2
2
6
47
7
98
3
27
22
8
3
15
83
98
98
5
5
27
30
3
21
5
98
15
10
0
29
7
98
3
2
84
6
6
9
98
98
8
98
6
3
40
7
98
29
4
52
5
98
3
5
67
29
3
86
5
87
15
6
2
45
98
7
3
6
98
8
3
2
7
84
3
98
2
2
4
2
58
98
4
6
3
4
1
13
5
22
6
2
4
77
3
6
7
4
26
98
22
11
2
6
28
98
8
4
2
24
9
1
3
2
98
3
32
98
35
4
6
29
20
13
3
51
98
2
5
98
68
98
10
9
10
2
3
2
20
15
81
27
2
30
40
3
5
3
98
98
4
34
98
2
6
3
3
4
39
98
3
40
75
22
5
98
3
3
48
15
21
2
34
2
7
6
6
2
2
47
1
6
4
18
3
2
10
6
9
26
42
10
62
7
4
7
48
12
2
4
2
36
8
25
2
27
98
48
3
51
4
8
18
7
98
7
37
3
3
9
8
6
12
13
33
25
67
11
98
12
89
7
32
21
4
22
20
11
22
49
10
5
21
13
4
18
69
98
15
5
11
42
9
83
20
7
23
26
98
18
98
3
5
4
6
10
10
98
29
24
9
98
8
6
29
8
74
98
8
25
98
9
51
7
98
98
16
9
19
66
12
98
10
98
14
22
27
37
50
8
13
41
36
2
17
12
98
6
25
33
11
98
21
7
15
5
52
8
98
21
8
98
35
58
27
10
22
72
23
71
24
10
4
98
37
6
11
50
22
3
30
10
22
29
7
8
5
21
18
49
6
3
60
6
98
27
6
8
10
3
32
7
98
5
98
6
98
36
2
98
2
9
9
11
9
66
9
5
98
19
27
1
20
22
17
2
11
68
98
2
98
9
22
98
6
2
98
4
5
4
10
98
3
7
4
98
7
2
11
4
2
5
9
3
3
21
1
6
7
77
4
10
75
27
3
29
4
39
42
6
11
7
34
2
3
8
5
8
16
1
9
98
9
46
33
2
98
2
98
98
21
26
5
2
8
2
53
5
4
2
5
4
3
31
18
6
9
98
16
85
33
42
11
11
3
1
3
29
15
3
98
2
84
98
29
7
98
3
13
3
2
2
59
1
12
6
9
5
9
70
4
4
4
3
48
98
3
26
8
2
6
3
3
2
9
7
3
98
11
18
10
10
4
98
63
2
13
53
4
6
8
98
98
98
2
2
41
98
47
10
4
15
7
17
98
98
2
3
98
8
23
42
35
4
22
27
7
10
16
6
3
45
3
12
50
10
8
11
11
1
88
3
12
65
8
12
5
98
8
8
5
98
4
25
98
98
14
15
50
66
5
9
19
13
98
98
9
98
61
57
98
3
14
18
2
3
3
9
30
13
10
3
4
8
98
1
3
12
11
98
26
1
7
4
98
5
13
73
14
28
2
8
9
25
98
98
98
63
12
52
3
98
4
2
2
98
98
12
98
98
3
46
6
13
2
11
23
93
98
3
7
98
9
4
5
8
13
8
6
2
3
11
12
68
4
11
9
9
27
14
40
28
2
9
9
98
14
98
9
1
4
18
6
15
45
1
14
6
18
14
31
16
98
4
6
9
17
12
7
