14.0
12.6
12.6
1.4
1.4
12.6
14.0
15.4
2.8
2.8
9.8
12.6
42.0
140.0
71.4
39.2
7.0
2.8
29.4
11.2
140.0
140.0
23.8
1.4
7.0
14.0
21.0
16.8
140.0
8.4
75.6
5.6
9.8
5.6
32.2
79.8
1.4
40.6
70.0
11.2
49.0
63.0
140.0
15.4
28.0
64.4
5.6
42.0
25.2
15.4
15.4
1.4
23.8
140.0
12.6
42.0
29.4
123.2
33.6
2.8
140.0
28.0
140.0
117.6
106.4
32.2
11.2
12.6
2.8
25.2
140.0
5.6
102.2
9.8
77.0
5.6
140.0
36.4
2.8
12.6
11.2
82.6
8.4
140.0
1.4
7.0
11.2
15.4
40.6
11.2
140.0
44.8
1.4
140.0
22.4
140.0
85.4
128.8
12.6
74.2
93.8
4.2
140.0
28.0
14.0
14.0
23.8
16.8
16.8
22.4
63.0
4.2
32.2
11.2
28.0
50.4
53.2
140.0
11.2
140.0
68.6
42.0
18.2
12.6
140.0
36.4
2.8
16.8
49.0
2.8
32.2
140.0
22.4
12.6
140.0
32.2
140.0
140.0
92.4
116.2
140.0
22.4
2.8
2.8
140.0
15.4
103.6
60.2
140.0
43.4
14.0
54.6
18.2
18.2
53.2
32.2
140.0
46.2
4.2
50.4
140.0
18.2
26.6
140.0
140.0
14.0
88.2
140.0
74.2
15.4
7.0
58.8
42.0
140.0
15.4
7.0
5.6
49.0
33.6
15.4
14.0
28.0
19.6
14.0
28.0
140.0
25.2
105.0
49.0
11.2
140.0
64.4
15.4
18.2
126.0
140.0
37.8
32.2
65.8
140.0
53.2
140.0
140.0
64.4
54.6
12.6
85.4
56.0
84.0
21.0
18.2
15.4
29.4
2.8
1.4
36.4
8.4
58.8
8.4
22.4
21.0
140.0
9.8
140.0
126.0
16.8
11.2
22.4
30.8
16.8
5.6
140.0
21.0
30.8
2.8
1.4
9.8
2.8
140.0
11.2
16.8
51.8
43.4
46.2
140.0
67.2
95.2
14.0
16.8
14.0
2.8
14.0
1.4
15.4
7.0
16.8
12.6
11.2
68.6
11.2
39.2
4.2
29.4
25.2
26.6
7.0
4.2
8.4
11.2
32.2
12.6
23.8
23.8
11.2
35.0
15.4
5.6
5.6
12.6
9.8
8.4
7.0
46.2
25.2
9.8
140.0
18.2
21.0
79.8
105.0
16.8
63.0
12.6
140.0
21.0
12.6
28.0
96.6
9.8
79.8
47.6
12.6
12.6
140.0
28.0
5.6
50.4
40.6
8.4
4.2
4.2
14.0
7.0
19.6
4.2
11.2
25.2
140.0
12.6
36.4
7.0
140.0
23.8
140.0
11.2
37.8
23.8
22.4
11.2
18.2
1.4
50.4
11.2
12.6
8.4
5.6
5.6
8.4
21.0
50.4
77.0
46.2
140.0
63.0
35.0
9.8
43.4
32.2
140.0
61.6
8.4
9.8
12.6
126.0
4.2
36.4
15.4
99.4
11.2
1.75
8.75
24.15
140.0
140.0
140.0
42.35
12.95
1.75
3.15
140.0
4.55
1.75
12.95
15.75
54.95
140.0
101.15
3.15
4.55
45.15
89.95
3.15
15.75
1.75
43.75
5.95
5.95
24.15
11.55
11.55
8.75
140.0
0.35
0.35
8.75
17.15
17.15
22.75
140.0
5.95
17.15
17.15
140.0
17.15
32.55
14.35
140.0
7.35
140.0
29.75
11.55
25.55
28.35
66.15
49.35
14.35
31.15
49.35
140.0
140.0
5.95
4.55
8.75
1.75
50.75
29.75
8.75
5.95
1.75
4.55
140.0
140.0
22.75
38.15
1.75
14.35
5.95
3.15
126.35
4.55
75.95
7.35
12.95
26.95
12.95
140.0
101.15
22.75
140.0
7.35
17.15
4.55
7.35
21.35
7.35
5.95
49.35
3.15
17.15
75.95
60.55
24.15
17.15
14.35
7.35
88.55
15.75
7.35
140.0
140.0
31.15
12.95
28.35
7.35
140.0
45.15
8.75
140.0
12.95
4.55
140.0
4.55
19.95
8.75
3.15
14.35
3.15
25.55
12.95
1.75
11.55
67.55
24.15
15.75
19.95
10.15
7.35
78.75
140.0
39.55
1.75
17.15
8.75
3.15
18.55
21.35
53.55
28.35
140.0
47.95
33.95
140.0
3.15
53.55
14.35
17.15
25.55
11.55
57.75
5.95
17.15
26.95
4.55
38.15
5.95
14.35
11.55
18.55
5.95
39.55
32.55
3.15
53.55
4.55
49.35
35.35
113.75
66.15
5.95
18.55
1.75
64.75
22.75
140.0
63.35
140.0
3.15
15.75
46.55
140.0
47.95
33.95
5.95
11.55
17.15
5.95
5.95
15.75
29.75
40.95
140.0
74.55
8.75
46.55
126.35
19.95
25.55
8.75
116.55
3.15
59.15
36.75
3.15
73.15
8.75
5.95
5.95
11.55
21.35
1.75
17.15
140.0
140.0
7.35
14.35
1.75
3.15
8.75
17.15
140.0
22.75
12.95
46.55
140.0
3.15
8.75
8.75
140.0
56.35
140.0
140.0
12.95
140.0
140.0
140.0
67.55
140.0
25.55
8.75
17.15
40.95
140.0
46.55
75.95
36.75
36.75
1.75
140.0
12.95
10.15
38.15
11.55
15.75
106.75
140.0
7.35
35.35
1.75
140.0
81.55
12.95
140.0
110.95
4.55
10.15
17.15
22.75
140.0
11.55
49.35
10.15
35.35
28.35
8.75
140.0
11.55
4.55
47.95
70.35
17.15
11.55
8.75
140.0
140.0
87.15
8.75
28.35
140.0
18.55
12.95
140.0
50.75
75.95
22.75
113.75
32.55
140.0
43.75
140.0
68.95
140.0
140.0
15.75
140.0
7.35
14.35
56.35
68.95
32.55
31.15
12.95
140.0
89.25
2.45
5.25
3.85
9.45
52.85
140.0
6.65
5.25
1.05
5.25
2.45
8.05
17.85
12.25
6.65
5.25
140.0
34.65
1.05
16.45
24.85
50.05
17.85
9.45
8.05
24.85
22.05
140.0
3.85
12.25
9.45
140.0
9.45
72.45
23.45
9.45
5.25
13.65
31.85
9.45
2.45
9.45
9.45
2.45
5.25
9.45
6.65
10.85
16.45
38.85
3.85
6.65
140.0
26.25
8.05
140.0
140.0
47.25
20.65
12.25
72.45
9.45
8.05
79.45
22.05
26.25
29.4
140.0
12.6
140.0
40.6
53.2
140.0
11.2
21.0
140.0
140.0
51.8
19.6
30.8
140.0
30.8
15.4
9.8
12.6
85.4
21.0
2.8
1.4
140.0
28.0
14.0
37.8
42.0
11.2
47.6
43.4
26.6
32.2
7.0
140.0
14.0
15.4
140.0
1.4
8.4
33.6
140.0
11.2
140.0
140.0
2.8
5.6
28.0
140.0
84.0
140.0
63.0
7.0
140.0
39.2
51.8
140.0
42.0
1.4
4.2
5.6
12.6
9.8
12.6
140.0
23.8
51.8
8.4
12.6
140.0
140.0
140.0
140.0
25.2
140.0
25.2
100.8
140.0
2.8
60.2
140.0
50.4
16.8
15.4
140.0
140.0
1.4
5.6
32.2
19.6
99.4
11.2
140.0
5.6
18.2
46.2
140.0
28.0
140.0
18.2
8.4
140.0
4.2
14.0
63.0
64.4
16.8
22.4
33.6
21.0
140.0
32.2
140.0
140.0
140.0
140.0
140.0
103.6
4.2
9.8
2.8
140.0
140.0
47.6
140.0
15.4
140.0
9.8
140.0
140.0
140.0
7.0
7.0
53.2
5.6
14.0
12.6
29.4
99.4
11.2
37.8
29.4
42.0
4.2
140.0
54.6
7.0
7.0
14.0
7.0
71.4
140.0
46.2
21.0
12.6
140.0
140.0
140.0
92.4
140.0
40.6
22.4
140.0
140.0
25.2
47.6
140.0
140.0
9.8
12.6
15.4
5.6
7.0
140.0
140.0
33.6
43.4
140.0
4.2
67.2
140.0
47.6
117.6
140.0
102.2
56.0
14.0
22.4
4.2
140.0
140.0
21.0
9.8
15.4
140.0
39.2
82.6
32.2
18.2
11.2
140.0
12.6
5.6
4.2
36.4
11.2
140.0
25.2
140.0
12.6
140.0
15.4
28.0
26.6
23.8
140.0
95.2
130.2
96.6
40.6
26.6
29.4
23.8
50.4
140.0
28.0
140.0
43.4
46.2
36.4
100.8
42.0
11.2
19.6
126.0
7.0
7.0
61.6
57.4
61.6
11.2
12.6
11.2
28.0
39.2
8.4
7.0
140.0
49.0
32.2
95.2
46.2
18.2
140.0
64.4
78.4
140.0
102.2
140.0
5.6
140.0
61.6
140.0
121.8
1.4
5.6
4.2
113.4
67.2
140.0
140.0
5.6
43.4
121.8
7.0
8.4
26.6
7.0
11.2
5.6
18.2
19.6
26.6
30.8
4.2
21.0
11.2
15.4
37.8
21.0
14.0
36.4
11.2
16.8
5.6
14.0
39.2
56.0
23.8
9.8
35.0
12.6
15.4
7.0
61.6
15.4
2.8
42.0
2.8
12.6
22.4
25.2
12.6
2.8
9.8
19.6
85.4
23.8
14.0
21.0
11.2
15.4
36.4
1.4
140.0
12.6
58.8
5.6
54.6
15.4
11.2
1.4
33.6
64.4
12.6
120.4
11.2
8.4
5.6
23.8
140.0
92.4
11.2
82.6
21.0
140.0
140.0
26.6
43.4
15.4
26.6
4.2
140.0
46.2
9.8
43.4
2.8
7.0
70.0
36.4
140.0
100.8
2.8
2.8
2.8
56.0
1.4
140.0
25.2
5.6
49.0
1.4
42.0
9.8
21.0
7.0
15.4
63.0
65.8
4.2
140.0
60.2
46.2
9.8
12.6
11.2
28.0
37.8
18.2
140.0
2.8
25.2
9.8
14.0
117.6
44.8
11.2
127.4
15.4
39.2
140.0
140.0
11.2
8.4
140.0
14.0
44.8
8.4
67.2
75.6
7.0
42.0
5.6
5.6
11.2
140.0
54.6
7.0
7.0
9.8
91.0
1.4
11.2
53.2
12.6
12.6
63.0
14.0
43.4
140.0
21.0
5.6
4.2
35.0
19.6
12.6
8.4
8.4
33.6
86.8
16.8
140.0
21.0
12.6
18.2
5.6
140.0
140.0
12.6
140.0
12.6
21.0
35.0
33.6
58.8
117.6
7.0
14.0
14.0
15.4
42.0
140.0
21.0
