19
13
6
4
6
89
10
16
10
20
98
6
8
20
8
22
6
6
28
1
3
3
4
98
7
10
21
4
12
5
7
6
22
5
2
10
11
98
6
25
12
2
98
23
10
6
98
7
24
35
10
4
98
9
12
1
15
7
1
43
96
1
7
4
2
81
64
5
8
1
25
6
22
15
8
38
2
1
20
7
19
17
4
4
46
98
6
43
2
59
98
28
5
9
14
6
31
10
3
2
11
8
23
19
2
12
51
11
12
98
98
98
3
5
33
11
16
5
52
25
11
29
7
6
38
39
9
21
14
4
2
98
23
36
14
98
98
98
16
57
40
15
98
98
98
27
5
9
2
3
20
21
8
98
29
68
18
16
28
13
4
10
6
70
2
13
18
7
18
17
13
98
8
98
98
8
9
2
98
98
10
6
26
20
98
25
5
30
18
9
10
83
41
33
35
98
41
24
3
3
73
6
98
3
98
47
98
98
58
7
9
98
4
3
98
11
8
3
8
98
9
6
10
0
57
98
98
9
8
9
98
1
32
21
24
10
8
29
8
29
10
2
3
9
28
11
98
9
31
26
26
11
98
86
19
98
7
98
98
98
98
15
7
31
18
8
49
10
3
79
44
98
98
23
7
98
12
23
98
98
17
27
5
98
97
23
38
4
53
2
98
19
7
23
39
16
20
19
26
20
53
3
41
98
16
7
7
7
98
98
17
31
18
69
3
45
31
98
6
35
6
18
11
75
98
98
26
26
10
2
11
3
23
98
7
4
60
4
73
98
18
12
2
13
21
63
16
15
51
15
17
2
51
15
33
19
17
14
98
16
20
14
33
35
6
13
98
11
33
23
8
4
11
6
29
9
14
10
5
8
24
29
12
9
19
45
2
27
27
13
26
66
5
7
11
61
13
98
12
22
1
58
19
10
12
24
2
6
22
23
45
6
16
15
14
51
25
6
4
98
98
40
25
98
59
6
84
98
16
49
6
11
98
98
97
11
9
67
10
91
2
25
10
8
27
13
25
23
79
13
18
15
3
17
63
8
3
4
13
8
1
98
17
16
21
5
35
35
17
2
17
15
28
98
18
55
7
5
7
21
2
9
5
92
7
7
19
8
75
22
18
52
25
71
4
13
1
43
57
35
6
20
98
28
98
4
98
13
98
41
10
26
11
16
3
53
98
3
7
3
98
18
75
98
26
14
14
3
26
4
5
3
48
98
46
17
34
8
17
11
28
29
32
98
79
98
17
24
27
32
41
5
2
2
8
86
66
98
33
81
8
98
31
64
9
2
7
15
46
3
34
5
10
4
27
26
5
66
14
12
3
13
22
41
20
14
4
45
49
5
47
13
66
5
37
59
25
7
86
5
14
98
98
12
11
31
19
5
47
98
55
1
10
33
4
24
7
98
10
24
46
9
98
26
30
25
98
33
36
61
13
98
11
62
17
94
8
9
98
17
18
23
71
16
7
95
96
11
40
22
2
45
9
23
23
10
98
8
6
30
21
33
98
11
7
98
12
10
98
34
98
10
11
25
98
7
27
4
7
21
4
66
8
45
14
72
24
37
10
5
2
2
42
98
32
98
26
19
30
4
8
98
28
95
98
12
3
8
10
12
7
65
12
73
41
98
20
6
21
21
5
24
20
29
7
13
88
98
98
35
4
28
9
14
16
76
64
19
9
11
7
16
98
1
24
11
98
98
3
46
1
5
4
24
4
18
2
2
98
58
19
98
14
4
5
11
98
98
87
98
10
13
10
19
3
98
98
40
10
98
34
11
44
98
8
98
98
98
48
98
20
20
15
8
45
8
17
98
98
13
9
1
6
33
14
63
11
6
98
7
35
8
7
98
36
4
16
20
20
21
5
9
40
5
10
6
98
20
4
29
98
19
8
2
10
20
12
21
10
2
5
17
17
11
0
12
3
2
9
4
1
9
9
1
43
1
36
98
98
8
7
5
98
2
19
98
1
61
4
61
36
32
11
57
1
98
98
7
1
10
27
11
2
28
6
11
37
1
14
7
6
2
98
3
13
2
11
10
9
23
4
25
33
9
8
1
4
5
6
22
98
9
98
3
98
1
3
98
7
4
9
1
19
15
2
98
98
3
2
98
8
98
5
19
4
2
63
98
9
1
11
16
6
37
98
6
16
17
14
5
1
11
9
2
2
7
11
11
11
13
5
1
6
5
40
54
1
98
11
2
98
43
17
98
9
13
6
4
98
1
25
9
5
30
2
52
98
85
1
1
98
8
3
28
98
50
5
5
27
98
23
1
95
98
1
1
1
98
98
4
23
4
6
2
98
2
5
2
2
8
6
7
1
7
20
4
3
6
98
32
1
98
6
20
1
0
1
9
2
2
15
1
7
98
4
1
1
98
2
27
3
1
4
6
2
63
17
2
8
20
8
11
7
2
13
1
3
15
17
1
98
1
57
71
18
1
5
2
10
4
8
12
45
5
98
28
4
9
4
2
21
3
27
3
6
3
28
7
7
2
24
2
8
3
6
3
8
10
3
1
2
18
33
3
15
5
4
12
7
30
6
35
98
5
6
10
5
77
2
1
7
1
2
98
25
9
31
6
13
4
10
4
1
1
7
1
13
5
6
1
4
17
12
67
3
1
17
4
3
98
1
27
15
1
5
2
3
1
98
2
98
6
5
98
20
7
21
7
1
34
3
14
16
27
2
8
9
98
13
11
7
98
41
83
22
5
4
13
10
26
6
8
12
98
7
3
12
19
2
98
10
1
9
25
14
27
6
3
20
98
7
98
1
22
5
5
6
32
20
6
2
7
1
19
16
0
98
95
98
1
5
4
20
9
98
1
22
98
1
2
7
4
27
16
6
1
1
8
6
22
19
98
28
6
1
2
18
20
2
22
2
98
11
14
60
9
1
4
10
7
6
9
12
13
98
21
11
4
7
10
5
0
9
9
1
2
2
1
7
1
14
4
98
29
10
5
1
3
1
2
8
21
1
1
1
98
6
6
3
5
1
19
11
6
1
17
11
3
7
7
4
3
98
12
6
5
98
4
8
0
1
1
7
2
4
30
7
44
9
98
10
10
73
1
4
8
47
4
1
1
22
1
98
2
2
36
7
98
13
1
1
3
9
8
2
6
1
0
1
14
98
1
6
4
12
6
1
16
12
98
4
0
8
6
5
0
2
8
3
8
98
4
17
6
9
3
1
1
1
0
6
16
3
10
11
98
98
2
5
8
1
69
1
1
98
26
4
36
1
1
98
9
2
1
6
15
25
1
4
6
1
16
3
2
22
1
12
50
5
2
2
7
2
4
29
2
1
1
5
6
5
1
14
2
1
1
6
8
28
1
9
5
4
50
1
2
63
98
98
14
1
5
6
9
8
1
5
5
1
3
34
51
4
7
16
6
2
2
39
4
8
27
89
1
2
35
1
2
5
27
47
1
11
5
6
1
1
2
1
7
2
1
1
3
14
69
25
5
1
6
98
1
5
1
42
33
13
2
98
6
1
7
1
98
6
12
2
1
98
12
1
10
98
11
7
1
15
25
1
5
2
8
22
98
9
62
1
98
0
3
10
14
1
1
2
59
7
8
9
7
12
7
0
10
10
1
98
11
58
98
2
30
26
98
31
11
10
22
18
5
25
2
2
9
11
1
98
98
2
3
22
1
33
2
3
1
3
3
10
2
0
16
2
11
66
1
7
1
1
6
2
14
18
32
98
4
24
5
1
1
2
4
5
98
1
5
4
1
12
5
6
3
6
9
98
2
6
1
29
17
98
27
9
3
19
6
2
98
13
2
2
98
11
12
70
11
98
33
33
98
6
15
19
11
6
31
98
21
5
10
19
7
18
7
5
33
20
2
16
1
14
8
10
98
33
2
31
4
16
1
22
3
98
7
3
13
38
2
7
41
10
95
21
28
81
8
98
8
31
98
7
98
32
98
1
98
16
5
54
3
12
13
98
13
4
5
1
98
26
13
4
8
33
9
48
35
12
2
10
98
18
26
15
59
26
2
31
32
16
58
8
23
9
98
98
7
1
98
6
12
25
22
24
33
3
98
7
12
11
4
6
37
10
1
1
98
13
6
25
1
14
2
6
8
16
6
20
4
18
98
16
7
8
1
3
1
1
6
9
98
19
8
9
2
1
19
9
9
10
24
5
19
14
1
51
22
8
2
2
33
4
5
3
98
8
13
44
8
7
15
28
10
34
31
63
59
14
3
23
13
98
49
36
3
8
7
3
98
4
3
53
98
2
3
6
10
26
8
86
8
9
4
3
10
55
18
14
2
2
3
6
1
3
6
22
50
8
61
5
22
4
10
6
5
15
6
6
15
3
9
8
5
6
31
98
85
10
68
6
93
5
2
8
4
43
9
4
3
17
98
4
7
4
1
8
13
17
98
4
98
98
5
5
62
35
47
60
98
1
11
20
3
5
5
3
62
6
50
9
74
1
31
10
6
7
8
10
23
1
3
98
29
4
23
10
49
98
98
98
4
8
16
95
13
25
3
34
13
8
11
22
98
11
13
98
11
1
19
3
24
2
65
98
2
6
1
21
9
53
11
13
6
13
20
98
98
9
37
5
4
24
79
11
98
6
67
1
4
12
7
3
13
2
4
6
53
8
7
12
98
1
13
4
19
1
4
10
7
98
10
20
2
9
14
98
98
58
10
98
37
3
10
8
14
19
6
4
3
4
58
9
2
11
12
26
9
6
31
4
28
12
37
3
2
17
58
6
69
34
98
6
12
23
98
98
3
7
7
19
2
11
1
11
5
22
9
98
8
4
18
3
5
11
3
98
16
9
6
24
18
11
33
24
14
3
4
14
98
7
7
3
38
20
1
4
7
26
56
10
4
7
5
38
1
13
5
25
4
10
84
7
3
7
98
98
5
92
2
4
18
8
15
6
11
2
42
28
5
10
8
17
17
9
6
9
3
19
51
2
5
10
6
6
1
8
7
98
28
10
1
77
29
29
3
9
7
1
3
2
10
98
10
12
17
16
3
17
98
98
98
15
98
17
8
6
42
17
8
1
1
34
4
3
5
5
29
8
5
5
6
3
2
4
71
24
3
13
98
13
0
98
10
18
11
8
5
6
16
12
2
7
8
4
3
4
4
98
1
4
6
27
75
98
5
8
14
6
4
98
4
10
98
9
47
42
17
98
7
8
10
18
3
37
56
24
7
4
6
98
8
17
98
1
15
9
0
14
4
1
5
2
8
4
16
8
25
5
79
6
10
40
98
2
9
5
37
14
0
11
1
8
98
38
0
7
23
34
98
18
4
1
1
51
1
98
7
50
60
7
5
39
3
98
6
4
15
36
7
98
15
16
98
1
11
17
0
98
1
5
4
9
11
23
9
7
98
44
98
38
5
25
15
10
13
13
10
2
1
5
94
3
10
98
2
19
4
16
19
9
3
5
9
23
2
58
3
6
21
22
98
4
10
98
10
1
39
17
33
2
8
4
38
9
17
11
12
18
10
17
6
6
3
6
2
2
9
2
2
15
13
57
9
17
12
7
1
9
8
7
98
6
49
8
2
23
11
23
3
3
50
98
17
1
2
3
1
3
2
98
84
4
5
12
98
5
16
33
12
38
7
13
7
58
10
2
3
5
1
5
10
29
5
3
27
23
9
7
1
98
31
9
36
9
5
12
1
1
28
5
2
8
3
3
50
98
12
1
7
52
21
98
1
11
10
18
23
98
15
5
23
5
3
2
45
3
9
11
8
26
1
6
14
80
8
9
3
65
34
5
19
98
2
4
8
50
20
1
8
8
1
68
6
1
5
8
1
21
65
4
1
98
30
1
9
4
17
9
5
15
3
23
15
6
59
55
8
6
5
4
1
98
11
3
5
98
2
3
9
4
17
9
2
8
59
50
25
16
16
98
9
14
28
18
10
8
1
25
5
40
8
4
3
10
10
13
98
13
9
8
8
10
5
47
62
26
2
24
17
98
26
8
9
23
98
4
3
6
2
3
98
4
17
22
1
65
16
19
4
10
1
7
6
11
1
3
7
8
34
98
6
22
7
2
7
35
2
12
2
2
7
5
45
3
3
8
8
3
27
20
0
2
19
12
1
15
3
12
15
20
98
10
20
5
19
9
98
3
9
4
32
34
10
0
7
1
98
11
9
7
6
2
5
0
7
20
54
7
4
54
4
10
8
18
11
4
1
5
15
7
6
9
6
20
1
0
12
8
4
1
4
10
4
10
1
8
7
22
6
41
1
55
3
8
98
13
98
3
13
22
15
3
4
3
77
98
12
6
10
7
9
6
0
19
81
13
22
4
6
5
18
16
59
13
98
8
31
5
3
9
98
1
32
22
98
48
14
5
0
82
1
69
13
33
4
15
6
14
16
18
8
46
2
1
1
8
98
35
8
13
98
8
2
6
4
19
9
23
6
4
3
1
5
55
8
12
9
10
19
98
3
5
13
16
7
98
98
31
21
61
5
55
6
38
52
2
16
16
6
3
49
7
2
20
36
3
4
5
1
1
10
12
22
14
18
2
9
26
40
98
9
5
7
31
15
11
6
98
70
5
9
8
98
6
7
9
7
2
2
6
7
2
21
7
6
9
6
7
10
98
8
7
19
5
4
7
19
23
24
4
21
98
8
4
9
4
98
4
98
21
19
4
32
2
6
7
8
4
18
15
7
6
18
2
6
98
6
31
98
8
8
98
1
15
23
16
20
2
8
14
4
4
5
27
11
6
33
9
10
29
2
12
5
5
1
5
67
22
4
23
98
10
3
98
22
2
8
20
3
11
34
64
98
15
3
20
6
6
7
2
49
14
19
98
4
8
6
16
21
8
98
98
66
5
6
4
7
9
9
7
35
17
7
0
6
6
8
16
8
9
7
53
21
2
31
6
4
14
7
11
