1
65
98
4
6
24
1
1
98
1
59
98
1
20
2
23
98
98
11
98
98
35
2
17
69
2
25
98
1
98
98
31
8
40
2
98
98
98
2
58
1
98
13
3
9
1
1
1
98
98
98
48
4
27
8
8
45
11
2
16
7
2
43
4
98
48
98
46
98
12
98
10
2
27
25
98
98
98
2
3
21
22
67
98
3
4
98
15
2
57
2
2
46
10
3
7
12
8
98
3
18
98
3
16
0
87
56
37
58
2
1
1
35
2
18
1
98
13
15
98
2
19
98
16
10
2
10
98
98
9
2
10
59
3
26
2
98
3
2
21
39
32
10
16
7
73
10
1
75
2
9
98
98
31
1
98
98
98
27
58
16
11
31
1
98
23
3
83
3
1
98
14
53
98
15
59
98
6
2
7
1
8
63
57
40
10
3
18
25
98
4
9
11
20
10
10
4
98
87
7
47
3
19
98
9
63
13
21
8
98
41
11
70
98
22
1
11
53
38
26
3
5
73
5
2
1
8
3
12
2
24
98
23
1
11
10
81
29
6
1
98
22
2
49
98
11
3
10
15
34
23
4
17
2
13
29
28
31
50
11
13
12
8
41
3
98
11
6
3
2
88
33
9
80
38
77
8
2
98
98
98
17
3
2
16
33
65
3
98
23
34
98
2
10
67
3
46
11
84
36
11
19
81
24
17
15
98
16
3
44
2
9
10
31
9
98
1
5
98
19
7
98
8
98
23
98
25
28
28
15
98
63
98
4
4
20
12
98
3
98
3
98
10
7
39
11
7
18
98
46
30
98
42
4
2
5
98
10
1
3
28
98
98
2
1
9
7
3
3
2
24
10
98
13
1
9
1
17
24
98
75
9
1
23
38
3
5
22
36
27
98
10
66
29
80
8
8
5
1
5
6
46
3
98
62
2
24
19
2
6
22
15
8
98
19
11
13
34
98
3
58
98
9
98
5
98
49
6
2
26
98
98
89
98
98
3
13
98
43
13
64
72
98
12
42
2
1
32
2
9
6
98
52
23
7
98
36
1
3
98
53
53
54
2
4
11
5
2
2
50
53
2
14
39
8
63
5
88
98
2
98
24
10
1
3
3
7
26
36
11
6
3
15
2
21
11
22
1
98
98
1
35
20
4
80
98
31
8
0
98
42
23
25
14
1
98
26
4
13
1
7
2
98
5
39
24
2
98
98
41
2
57
14
98
14
3
98
13
25
98
3
3
57
6
3
98
23
18
13
1
20
98
6
98
98
9
50
15
98
10
52
98
13
39
98
69
32
15
2
98
98
98
4
1
2
60
13
32
39
2
98
6
98
58
1
3
6
2
11
4
14
98
6
1
2
19
12
4
3
98
5
6
13
2
98
20
2
98
4
16
98
2
2
6
7
3
98
12
33
98
2
12
4
0
5
2
7
1
36
7
98
98
4
28
3
98
98
6
2
17
98
11
9
2
98
3
33
26
6
5
3
2
9
48
2
8
3
5
15
2
13
3
4
98
98
5
17
2
98
5
2
4
98
2
98
98
1
2
98
25
98
16
4
7
3
98
98
98
71
9
6
5
6
98
2
8
98
10
98
2
8
98
98
1
98
2
17
98
98
5
98
98
3
98
13
17
13
38
7
98
12
98
98
15
98
7
18
16
32
35
4
2
40
3
4
38
98
9
11
15
7
5
12
98
98
25
15
28
25
98
16
98
98
98
28
98
37
98
4
19
10
26
17
22
6
59
28
13
16
6
17
3
21
98
21
19
55
8
98
98
9
3
6
1
98
33
11
19
98
8
20
68
98
98
3
35
24
98
12
19
98
98
5
4
98
46
98
43
15
21
60
15
93
11
61
2
98
5
14
25
10
98
3
5
23
98
28
98
30
22
6
16
7
89
3
98
21
10
18
98
98
10
39
9
98
37
29
98
98
17
14
98
17
98
6
98
98
7
5
98
54
10
98
25
4
10
98
98
26
3
54
3
98
10
30
28
22
98
21
41
63
5
4
20
42
76
98
2
2
98
6
2
98
60
56
3
76
6
37
22
98
32
15
34
25
98
98
98
9
3
8
38
98
3
46
22
79
6
98
19
3
98
7
98
25
32
2
98
9
54
64
11
98
98
32
4
17
43
9
19
16
56
37
98
26
49
47
98
34
98
53
15
48
45
1
6
92
98
14
2
15
47
98
4
98
43
11
6
98
9
5
8
98
33
9
29
6
45
75
39
98
2
13
14
1
21
19
9
39
12
7
6
47
43
60
9
35
18
17
57
95
98
20
98
98
42
98
33
11
98
36
98
98
0
98
98
8
4
16
12
11
98
98
98
98
98
98
15
20
15
18
36
13
2
12
98
32
98
98
3
49
4
53
9
30
41
10
76
34
5
12
30
47
22
98
98
11
3
9
17
98
98
98
29
98
98
7
10
20
45
52
98
25
14
28
48
15
26
24
17
6
37
24
47
98
86
16
55
98
17
72
11
29
98
13
61
7
57
10
8
17
23
98
5
98
56
16
98
3
28
30
51
66
5
28
14
12
10
19
35
87
6
10
62
15
32
16
98
33
5
31
24
3
29
85
33
5
34
7
10
23
98
20
6
98
14
44
37
12
21
98
98
98
98
98
98
10
2
7
26
1
12
27
23
98
98
32
33
14
16
3
98
40
56
4
3
98
10
58
5
4
16
27
14
3
6
23
10
31
3
23
29
22
98
20
16
29
98
35
98
4
3
98
98
10
98
88
29
34
18
98
14
4
77
12
48
42
98
20
3
63
11
10
4
15
98
1
98
41
7
71
3
9
14
98
98
98
89
23
18
6
57
98
26
15
2
27
16
98
13
4
98
18
98
70
98
98
16
45
12
98
8
12
49
28
98
7
98
98
17
58
13
54
98
98
98
12
98
30
98
11
15
98
35
46
8
5
98
13
15
98
4
17
49
59
17
32
64
41
3
98
26
38
98
2
52
13
6
90
34
2
9
21
6
4
25
98
24
98
9
35
98
98
24
13
28
10
28
43
7
22
10
98
98
4
5
29
98
98
44
98
83
9
98
6
21
98
9
67
7
77
10
98
64
12
7
98
98
12
98
98
2
27
73
25
98
98
12
4
2
98
31
98
6
4
48
92
82
2
48
98
18
98
98
22
2
98
3
6
19
38
29
98
78
10
98
9
32
27
17
98
