27.65
140.0
100.45
5.25
24.85
140.0
26.25
29.05
34.65
10.85
54.25
36.05
140.0
10.85
31.85
10.85
2.45
29.05
19.25
12.25
17.85
17.85
27.65
140.0
140.0
140.0
140.0
10.85
57.05
34.65
6.65
16.45
3.85
140.0
3.85
17.85
140.0
110.25
113.05
37.45
13.65
89.25
48.65
140.0
47.25
140.0
97.65
78.05
68.25
140.0
62.65
140.0
54.25
31.85
140.0
85.05
29.05
2.45
10.85
26.25
52.85
3.85
26.25
8.05
106.05
5.25
140.0
6.65
140.0
24.85
47.25
16.45
17.85
2.45
23.45
80.85
10.85
30.45
33.25
34.65
33.25
140.0
23.45
23.45
66.85
41.65
1.05
43.05
29.05
37.45
69.65
140.0
140.0
15.05
13.65
83.65
15.05
140.0
16.45
12.25
12.25
5.25
71.05
22.05
66.85
37.45
16.45
20.65
19.25
17.85
12.25
140.0
47.25
27.65
41.65
5.25
23.45
26.25
22.05
26.25
22.05
19.25
45.85
140.0
140.0
8.75
8.75
74.55
1.75
11.55
7.35
140.0
28.35
126.35
15.75
0.35
4.55
8.75
14.35
140.0
140.0
7.35
85.75
116.55
14.35
120.75
4.55
4.55
21.35
50.75
25.55
26.95
40.95
14.35
67.55
4.55
22.75
32.55
71.75
113.75
46.55
18.55
25.55
140.0
4.55
35.35
63.35
26.95
12.95
140.0
39.55
47.95
11.55
70.35
8.75
10.15
7.35
35.35
25.55
25.55
73.15
89.95
4.55
32.55
18.55
3.15
31.15
29.75
50.75
19.95
0.35
7.35
1.75
64.75
75.95
14.35
3.15
53.55
47.95
10.15
25.55
63.35
5.95
42.35
5.95
63.35
29.75
140.0
5.95
3.15
140.0
33.95
26.95
71.75
11.55
25.55
39.55
26.95
24.15
7.35
35.35
15.75
92.75
8.75
7.35
3.15
85.75
17.15
12.95
17.15
5.95
17.15
3.15
57.75
28.35
67.55
140.0
16.1
6.3
14.7
13.3
16.1
0.7
17.5
10.5
60.9
13.3
35.7
2.1
9.1
27.3
140.0
140.0
7.7
13.3
14.7
42.7
3.5
3.5
17.5
84.7
14.7
35.7
38.5
14.7
56.7
0.7
140.0
17.5
86.1
140.0
140.0
140.0
140.0
51.1
7.7
21.7
27.3
46.9
27.3
73.5
46.9
0.7
21.7
0.7
9.1
30.1
9.1
52.5
14.7
10.5
18.9
21.7
25.9
140.0
63.7
3.5
83.3
9.1
17.5
35.7
7.7
2.1
53.9
3.5
24.5
35.7
35.7
6.3
9.1
140.0
4.9
20.3
76.3
90.3
27.3
51.1
11.9
7.7
3.5
140.0
27.3
11.9
140.0
20.3
17.5
30.1
140.0
114.1
60.9
140.0
11.9
3.5
39.9
140.0
2.1
17.5
140.0
140.0
24.5
16.1
10.5
44.1
28.7
37.1
93.1
69.3
44.1
140.0
49.7
13.3
20.3
69.3
0.7
17.5
86.1
51.1
27.3
10.5
39.9
86.1
31.5
123.9
9.1
11.9
28.7
3.5
34.3
84.7
16.1
7.7
9.1
39.9
16.1
13.3
38.5
13.3
34.3
16.1
30.1
9.1
58.1
27.3
44.1
140.0
140.0
56.7
6.3
79.1
30.1
95.9
93.1
13.3
140.0
3.5
23.1
20.3
7.7
18.9
10.5
13.3
49.7
56.7
7.7
4.9
58.1
44.1
14.7
39.9
18.9
140.0
11.9
20.3
35.7
24.5
23.1
2.1
16.1
45.5
140.0
9.1
21.7
25.9
7.7
18.9
3.5
11.9
7.7
2.1
6.3
97.3
2.1
67.9
2.1
90.3
14.7
45.5
52.5
32.9
48.3
83.3
140.0
105.7
6.3
13.3
69.3
4.9
4.9
30.1
14.7
39.9
70.7
140.0
34.3
10.5
14.7
51.1
6.3
4.9
10.5
140.0
140.0
7.7
4.9
21.7
4.9
60.9
140.0
66.5
16.1
6.3
2.1
25.9
7.7
7.7
4.9
24.5
80.5
65.1
140.0
9.1
3.5
3.5
83.3
31.5
9.1
6.3
140.0
58.1
3.5
3.5
3.5
9.1
140.0
49.7
42.7
4.9
24.5
0.7
102.9
140.0
35.7
4.9
38.5
6.3
6.3
72.1
17.5
24.5
18.9
59.5
76.3
46.9
101.5
20.3
4.9
7.7
140.0
6.3
48.3
6.3
14.7
6.3
140.0
116.9
17.5
34.3
6.3
140.0
10.5
9.1
24.5
2.1
25.9
90.3
27.3
21.7
7.7
80.5
6.3
2.1
67.9
140.0
48.3
21.7
16.1
7.7
32.9
10.5
140.0
23.1
11.9
21.7
58.1
6.3
128.1
45.5
7.7
17.5
34.3
14.7
16.1
66.5
24.5
16.1
27.3
73.5
7.7
16.1
25.9
13.3
28.7
140.0
140.0
28.7
6.3
32.9
16.1
35.7
107.1
42.7
6.3
14.7
18.9
10.5
35.7
13.3
10.5
87.5
10.5
111.3
17.5
4.9
3.5
3.5
140.0
74.9
28.7
7.7
3.5
86.1
3.5
7.7
53.9
38.5
4.9
101.5
49.7
65.1
4.9
80.5
13.3
116.9
67.9
59.5
11.9
31.5
9.1
4.9
16.1
140.0
7.7
4.9
28.7
125.3
17.5
34.3
27.3
72.1
31.5
41.3
28.7
3.5
140.0
17.5
13.3
25.9
35.7
4.9
3.5
17.5
140.0
16.1
4.9
60.9
14.7
4.9
140.0
140.0
32.9
23.1
17.5
140.0
25.9
17.5
7.7
7.7
140.0
21.7
18.9
23.1
67.9
6.3
140.0
48.3
20.3
13.3
49.7
72.1
48.3
86.1
3.5
73.5
35.7
69.3
30.1
140.0
21.7
116.9
17.5
45.5
140.0
20.3
30.1
14.7
44.1
66.5
140.0
65.1
11.9
18.9
21.7
9.1
16.1
9.1
16.1
3.5
140.0
10.5
14.7
13.3
58.1
23.1
17.15
3.15
88.55
4.55
64.75
39.55
21.35
1.75
4.55
40.95
1.75
1.75
5.95
10.15
140.0
53.55
39.55
1.75
140.0
18.55
1.75
43.75
80.15
3.15
1.75
140.0
12.95
1.75
21.35
24.15
33.95
1.75
99.75
54.95
17.15
1.75
1.75
26.95
140.0
28.35
7.35
12.95
66.15
140.0
140.0
5.95
8.75
5.95
0.35
5.95
21.35
0.35
53.55
12.95
140.0
140.0
0.35
1.75
0.35
11.55
105.35
4.55
1.75
28.35
140.0
7.35
140.0
47.95
4.55
45.15
28.35
64.75
140.0
10.15
17.15
10.15
15.75
64.75
35.35
17.15
115.15
15.75
8.75
11.55
32.55
45.15
7.35
7.35
3.15
0.35
28.35
7.35
19.95
18.55
4.55
12.95
10.15
10.15
3.15
5.95
68.95
7.35
131.95
33.95
18.55
40.95
84.35
1.75
4.55
7.35
31.15
5.95
12.95
140.0
24.15
78.75
140.0
4.55
47.95
35.35
140.0
1.75
28.35
19.95
8.75
10.15
7.35
1.75
12.95
56.35
5.95
70.35
57.75
14.35
19.95
14.35
5.95
26.95
17.15
39.55
88.55
4.55
1.75
4.55
8.75
140.0
12.95
31.15
4.55
21.35
17.15
17.15
17.15
11.55
1.75
45.15
33.95
0.35
1.75
140.0
140.0
140.0
140.0
45.15
12.95
1.75
0.35
56.35
66.15
73.15
3.15
17.15
71.75
11.55
3.15
45.15
140.0
81.55
140.0
14.35
14.35
39.55
0.35
31.15
140.0
38.15
5.95
80.15
140.0
43.75
94.15
31.15
94.15
4.55
60.55
49.35
73.15
60.55
120.75
140.0
10.15
67.55
140.0
27.3
74.9
32.9
24.5
34.3
10.5
6.3
6.3
18.9
3.5
44.1
7.7
10.5
3.5
3.5
21.7
140.0
10.5
86.1
18.9
34.3
17.5
118.3
18.9
25.9
28.7
11.9
18.9
6.3
11.9
13.3
140.0
21.7
34.3
140.0
30.1
21.7
140.0
25.9
18.9
14.7
108.5
7.7
10.5
34.3
16.1
14.7
18.9
104.3
65.1
17.5
24.5
7.7
34.3
140.0
67.9
122.5
23.1
10.5
16.1
34.3
44.1
13.3
9.1
23.1
7.7
16.1
3.5
11.9
95.9
6.3
16.1
25.9
140.0
32.9
3.5
16.1
18.9
35.7
21.7
140.0
25.9
17.5
122.5
18.9
3.5
73.5
14.7
42.7
24.5
10.5
116.9
20.3
16.1
21.7
6.3
14.7
37.1
140.0
7.7
0.7
35.7
38.5
16.1
140.0
20.3
10.5
11.9
25.9
10.5
38.5
4.9
35.7
6.3
52.5
18.9
140.0
7.7
11.9
11.9
20.3
2.1
3.5
23.1
140.0
10.5
39.9
140.0
140.0
13.3
30.1
38.5
25.9
18.9
23.1
16.1
140.0
49.7
11.9
37.1
16.1
3.5
13.3
11.9
7.7
11.9
21.7
7.7
6.3
7.7
39.9
13.3
24.5
16.1
11.9
3.5
6.3
35.7
140.0
86.1
140.0
140.0
39.9
4.9
13.3
4.9
16.1
27.3
13.3
4.9
17.5
38.5
6.3
38.5
42.7
37.1
14.7
140.0
90.3
25.9
24.5
20.3
10.5
27.3
9.1
34.3
2.1
24.5
0.7
90.3
51.1
17.5
140.0
2.1
4.9
3.5
140.0
17.5
21.7
14.7
140.0
20.3
70.7
7.7
6.3
4.9
30.1
14.7
44.1
9.1
79.1
11.9
24.5
9.1
25.9
140.0
140.0
27.3
18.9
2.1
98.7
27.3
20.3
24.5
2.1
94.5
51.1
17.5
63.7
10.5
4.9
84.7
9.1
42.7
6.3
20.3
18.9
2.1
27.3
11.9
16.1
37.1
35.7
13.3
52.5
140.0
62.3
10.5
14.7
140.0
11.9
10.5
46.9
16.1
3.5
42.7
20.3
49.7
21.7
6.3
18.9
7.7
18.9
32.9
140.0
30.1
41.3
38.5
140.0
38.5
6.3
140.0
34.3
140.0
140.0
25.9
41.3
4.9
38.5
140.0
70.7
25.9
13.3
69.3
34.3
140.0
23.1
56.7
11.9
18.9
17.5
14.7
31.5
28.7
25.9
13.3
56.7
2.1
3.5
140.0
62.3
34.3
14.7
24.5
140.0
11.9
111.3
30.1
18.9
60.9
32.9
28.7
21.7
25.9
7.7
18.9
30.1
30.1
11.9
28.7
140.0
16.1
140.0
41.3
11.9
35.7
11.9
31.5
10.5
13.3
67.9
44.1
23.1
11.9
9.1
140.0
6.3
10.5
7.7
140.0
38.5
3.5
3.5
28.7
9.1
9.1
11.9
2.1
13.3
20.3
4.9
3.5
140.0
4.9
0.7
4.9
7.7
46.9
16.1
13.3
13.3
66.5
13.3
37.1
18.9
42.7
140.0
11.9
17.5
91.7
28.7
140.0
31.5
25.9
140.0
34.3
4.9
6.3
3.5
7.7
34.3
3.5
7.7
28.7
30.1
25.9
42.7
28.7
11.9
73.5
14.7
17.5
21.7
14.7
7.7
32.9
25.9
11.9
9.1
10.5
2.1
16.1
7.7
20.3
2.1
32.9
52.5
140.0
20.3
6.3
35.7
18.9
21.7
28.7
80.5
38.5
10.5
140.0
38.5
140.0
9.1
10.5
140.0
10.5
21.7
72.1
140.0
49.7
7.7
10.5
10.5
21.7
7.7
140.0
7.7
4.9
13.3
28.7
9.1
11.9
28.7
16.1
25.9
34.3
17.5
17.5
140.0
7.7
30.1
11.9
140.0
140.0
41.3
11.9
