11.2
29.4
26.6
40.6
26.6
11.2
70.0
9.8
8.4
40.6
2.8
14.0
8.4
7.0
19.6
11.2
119.0
7.0
9.8
7.0
16.8
65.8
8.4
9.8
8.4
14.0
8.4
11.2
11.2
11.2
140.0
9.8
23.8
18.2
14.0
1.4
8.4
11.2
12.6
7.0
7.0
33.6
5.6
140.0
14.0
23.8
12.6
4.2
19.6
22.4
4.2
8.4
2.8
5.6
26.6
1.4
9.8
5.6
7.0
9.8
140.0
23.8
120.4
12.6
1.4
7.0
7.0
22.4
8.4
9.8
25.2
7.0
7.0
1.4
12.6
23.8
40.6
7.0
121.8
15.4
11.2
12.6
7.0
15.4
9.8
23.8
7.0
4.2
16.8
32.2
9.8
2.8
11.2
11.2
11.2
18.2
140.0
22.4
7.0
35.0
5.6
2.8
22.4
49.0
8.4
12.6
28.0
117.6
4.2
11.2
4.2
7.0
19.6
9.8
15.4
5.6
7.0
12.6
12.6
140.0
9.8
9.8
9.8
5.6
8.4
8.4
15.4
14.0
2.8
5.6
7.0
43.4
7.0
8.4
1.4
19.6
18.2
7.0
9.8
22.4
7.0
14.0
23.8
140.0
12.6
18.2
8.4
7.0
50.4
25.2
140.0
7.0
140.0
47.6
14.0
19.6
8.4
9.8
9.8
12.6
4.2
2.8
1.4
39.2
19.6
11.2
5.6
5.6
1.4
1.4
26.6
26.6
5.6
8.4
14.0
25.2
7.0
16.8
1.4
11.2
133.0
5.6
7.0
1.4
8.4
1.4
7.0
11.2
7.0
21.0
15.4
26.6
23.8
12.6
54.6
8.4
15.4
140.0
15.4
7.0
7.0
7.0
8.4
140.0
46.2
8.4
21.0
18.2
1.4
1.4
8.4
7.0
12.6
8.4
81.2
7.0
4.2
1.4
47.6
15.4
140.0
18.2
12.6
7.0
12.6
9.8
7.0
8.4
1.4
11.2
26.6
23.8
9.8
14.0
9.8
14.0
7.0
23.8
16.8
14.0
8.4
16.8
21.0
4.2
15.4
8.4
23.8
8.4
4.2
2.8
21.0
1.4
8.4
11.2
9.8
11.2
79.8
2.8
4.2
7.0
26.6
5.6
5.6
5.6
2.8
11.2
1.4
7.0
7.0
1.4
16.8
9.8
11.2
2.8
140.0
1.4
8.4
140.0
2.8
1.4
14.0
2.8
21.0
7.0
9.8
23.8
14.0
8.4
29.4
26.6
33.6
28.0
18.2
9.8
9.8
29.4
12.6
15.4
9.8
8.4
11.2
7.0
11.2
15.4
12.6
14.0
64.4
8.4
40.6
11.2
5.6
4.2
21.0
7.0
9.8
4.2
12.6
21.0
50.4
7.0
15.4
14.0
5.6
42.0
15.4
18.2
21.0
5.6
58.8
5.6
12.6
12.6
15.4
58.8
14.0
42.0
9.8
4.2
23.8
25.2
7.0
7.0
16.8
1.4
14.0
18.2
33.6
78.4
9.8
11.2
8.4
11.2
11.2
26.6
23.8
7.0
8.4
15.4
37.8
15.4
7.0
9.8
70.0
8.4
16.8
9.8
44.8
5.6
21.0
40.6
19.6
28.0
8.4
16.8
4.2
14.0
25.2
40.6
7.0
18.2
56.0
9.8
16.8
18.2
7.0
8.4
8.4
7.0
8.4
140.0
11.2
25.2
65.8
29.4
18.2
32.2
4.2
15.4
11.2
11.2
7.0
7.0
21.0
2.8
14.0
11.2
14.0
15.4
8.4
5.6
4.2
26.6
8.4
15.4
7.0
16.8
12.6
14.0
5.6
14.0
12.6
8.4
140.0
8.4
7.0
19.6
8.4
60.2
4.2
56.0
4.2
67.2
23.8
5.6
93.8
8.4
12.6
11.2
14.0
4.2
9.8
15.4
21.0
67.2
12.6
46.2
16.8
12.6
8.4
7.0
5.6
12.6
12.6
12.6
9.8
44.8
14.0
8.4
18.2
5.6
22.4
12.6
12.6
12.6
12.6
5.6
16.8
18.2
8.4
9.8
35.0
8.4
11.2
22.4
140.0
9.8
12.6
23.8
7.0
8.4
12.6
29.4
21.0
2.8
18.2
40.6
1.4
12.6
21.0
14.0
53.2
51.8
9.8
16.8
12.6
8.4
5.6
8.4
8.4
14.0
8.4
4.2
25.2
7.0
65.8
18.2
11.2
2.8
7.0
5.6
4.2
11.2
4.2
11.2
19.6
11.2
8.4
53.2
2.8
9.8
7.0
16.8
37.8
40.6
8.4
12.6
14.0
2.8
15.4
26.6
12.6
15.4
7.0
15.4
4.2
9.8
12.6
4.2
15.4
18.2
46.2
11.2
7.0
15.4
36.4
11.2
11.2
58.8
21.0
14.0
9.8
12.6
16.8
140.0
22.4
12.6
12.6
25.2
2.8
8.4
14.0
12.6
18.2
7.0
19.6
113.4
11.2
14.0
21.0
18.2
30.8
16.8
2.8
2.8
43.4
44.8
30.8
9.8
140.0
47.6
42.0
5.6
18.2
21.0
18.2
29.4
7.0
12.6
60.2
15.4
15.4
11.2
43.4
42.0
8.4
18.2
11.2
2.8
67.2
8.4
11.2
7.0
19.6
8.4
15.4
8.4
5.6
16.8
5.6
12.6
12.6
7.0
7.0
4.2
4.2
7.0
9.8
8.4
8.4
2.8
12.6
8.4
15.4
7.0
25.2
30.8
5.6
15.4
11.2
22.4
7.0
86.8
26.6
11.2
12.6
5.6
16.8
140.0
8.4
140.0
18.2
12.6
8.4
12.6
7.0
5.6
12.6
7.0
16.8
8.4
8.4
19.6
8.4
8.4
19.6
11.2
7.0
7.0
18.2
9.8
12.6
11.2
11.2
21.0
18.2
9.8
7.0
4.2
26.6
140.0
7.0
7.0
11.2
11.2
11.2
9.8
18.2
19.6
14.0
9.8
18.2
21.0
5.6
4.2
9.8
9.8
18.2
5.6
5.6
117.6
119.0
9.8
12.6
35.0
4.2
14.0
18.2
9.8
7.0
11.2
140.0
5.6
9.8
5.6
16.8
5.6
11.2
15.4
11.2
5.6
16.8
19.6
140.0
7.0
19.6
14.0
19.6
7.0
8.4
4.2
11.2
14.0
16.8
28.0
19.6
14.0
19.6
9.8
8.4
26.6
8.4
9.8
12.6
19.6
7.0
15.4
5.6
1.4
18.2
14.0
14.0
14.0
8.4
7.0
19.6
4.2
29.4
7.0
11.2
21.0
21.0
4.2
11.2
9.8
4.2
21.0
9.8
4.2
19.6
1.4
26.6
23.8
8.4
11.2
14.0
16.8
11.2
8.4
7.0
11.2
11.2
5.6
22.4
14.0
7.0
14.0
4.2
5.6
7.0
8.4
12.6
23.8
5.6
140.0
7.0
12.6
7.0
8.4
91.0
49.0
11.2
4.2
89.6
11.2
2.8
32.2
5.6
5.6
9.8
15.4
21.0
21.0
21.0
7.0
9.8
23.8
16.8
23.8
2.8
18.2
25.2
8.4
32.2
11.2
14.0
16.8
5.6
1.4
4.2
2.8
18.2
57.4
14.0
14.0
21.0
4.2
2.8
25.2
1.4
19.6
16.8
9.8
7.0
18.2
5.6
12.6
15.4
18.2
39.2
11.2
19.6
11.2
11.2
9.8
11.2
4.2
4.2
22.4
22.4
1.4
23.8
15.4
7.0
4.2
8.4
22.4
35.0
4.2
9.8
12.6
7.0
35.0
5.6
9.8
25.2
14.0
5.6
26.6
1.4
140.0
5.6
140.0
5.6
5.6
7.0
16.8
11.2
29.4
36.4
16.8
15.4
26.6
8.4
4.2
9.8
2.8
14.0
12.6
32.2
28.0
15.4
4.2
30.8
36.4
140.0
11.2
2.8
23.8
5.6
9.8
32.2
25.2
5.6
33.6
7.0
14.0
57.4
54.6
9.8
28.0
1.4
8.4
12.6
7.0
5.6
7.0
11.2
70.0
1.4
19.6
30.8
7.0
5.6
9.8
110.6
12.6
7.0
15.4
11.2
14.0
8.4
15.4
18.2
9.8
81.2
8.4
5.6
36.4
30.8
14.0
15.4
11.2
2.8
5.6
5.6
18.2
15.4
11.2
5.6
77.0
26.6
23.8
14.0
7.0
12.6
1.4
5.6
25.2
18.2
9.8
9.8
23.8
140.0
11.2
8.4
26.6
9.8
22.4
1.4
88.2
14.0
2.8
4.2
8.4
18.2
11.2
7.0
11.2
5.6
7.0
23.8
18.2
29.4
22.4
8.4
11.2
1.4
130.2
8.4
5.6
39.2
8.4
79.8
12.6
8.4
37.8
11.2
7.0
4.2
79.8
9.8
47.6
5.6
54.6
12.6
7.0
36.4
14.0
37.8
8.4
58.8
7.0
7.0
8.4
5.6
25.2
16.8
12.6
5.6
25.2
8.4
9.8
126.0
7.0
4.2
21.0
7.0
22.4
65.8
7.0
12.6
9.8
9.8
9.8
11.2
57.4
57.4
9.8
14.0
12.6
12.6
11.2
19.6
25.2
15.4
18.2
26.6
7.0
19.6
9.8
7.0
11.2
8.4
12.6
12.6
2.8
16.8
18.2
23.8
61.6
4.2
140.0
12.6
21.0
1.4
30.8
5.6
37.8
26.6
4.2
15.4
19.6
15.4
7.0
25.2
23.8
22.4
14.0
22.4
9.8
12.6
28.0
39.2
1.4
12.6
19.6
37.8
22.4
29.4
18.2
1.4
65.8
16.8
15.4
23.8
25.2
22.4
39.2
8.4
12.6
28.0
14.0
35.0
121.8
4.2
15.4
22.4
14.0
21.0
22.4
15.4
7.0
19.6
36.4
5.6
1.4
140.0
2.8
26.6
26.6
22.4
12.6
21.0
8.4
9.8
12.6
32.2
81.2
44.8
140.0
1.4
7.0
23.8
15.4
35.0
47.6
21.0
14.0
19.6
2.8
36.4
15.4
8.4
16.8
5.6
14.0
5.6
1.4
25.2
16.8
11.2
14.0
16.8
8.4
16.8
84.0
15.4
49.0
12.6
85.4
42.0
18.2
23.8
8.4
4.2
19.6
46.2
37.8
75.6
8.4
19.6
9.8
23.8
140.0
140.0
11.2
22.4
19.6
82.6
12.6
5.6
11.2
140.0
21.0
42.0
21.0
15.4
7.0
9.8
42.0
51.8
16.8
11.2
140.0
53.2
46.2
7.0
109.2
21.0
7.0
12.6
25.2
7.0
11.2
16.8
67.2
60.2
11.2
18.2
140.0
11.2
12.6
15.4
8.4
19.6
16.8
8.4
15.4
19.6
4.2
18.2
11.2
2.8
14.0
8.4
1.4
2.8
7.0
7.0
1.4
100.8
2.8
14.0
4.2
9.8
4.2
8.4
16.8
61.6
8.4
8.4
5.6
1.4
14.0
4.2
23.8
11.2
11.2
22.4
26.6
5.6
9.8
64.4
5.6
8.4
49.0
5.6
11.2
15.4
14.0
8.4
140.0
11.2
14.0
1.4
9.8
11.2
14.0
5.6
5.6
1.4
14.0
11.2
22.4
30.8
35.0
1.4
29.4
16.8
9.8
19.6
15.4
5.6
9.8
9.8
11.2
32.2
4.2
4.2
140.0
57.4
12.6
12.6
7.0
21.0
11.2
25.2
14.0
1.4
5.6
2.8
1.4
2.8
4.2
18.2
9.8
8.4
9.8
7.0
35.0
37.8
7.0
140.0
1.4
11.2
1.4
9.8
11.2
12.6
5.6
14.0
2.8
14.0
82.6
1.4
8.4
8.4
14.0
33.6
11.2
12.6
1.4
16.8
8.4
14.0
14.0
26.6
14.0
140.0
7.0
5.6
12.6
14.0
14.0
12.6
18.2
1.4
2.8
140.0
86.8
11.2
26.6
23.8
26.6
22.4
12.6
42.0
19.6
25.2
7.0
9.8
23.8
22.4
23.8
15.4
9.8
1.4
28.0
140.0
8.4
4.2
9.8
14.0
15.4
140.0
14.0
37.8
8.4
8.4
1.4
8.4
7.0
112.0
14.0
9.8
18.2
2.8
40.6
4.2
140.0
140.0
12.6
4.2
1.4
12.6
19.6
7.0
8.4
14.0
21.0
1.4
53.2
5.6
11.2
1.4
23.8
37.8
25.2
11.2
49.0
5.6
16.8
1.4
9.8
9.8
25.2
19.6
11.2
9.8
15.4
18.2
8.4
18.2
15.4
8.4
7.0
25.2
39.2
63.0
32.2
11.2
2.8
43.4
12.6
9.8
49.0
15.4
8.4
32.2
9.8
15.4
19.6
7.0
15.4
40.6
30.8
140.0
42.0
1.4
140.0
5.6
140.0
11.2
51.8
21.0
9.8
30.8
7.0
4.2
12.6
2.8
14.0
9.8
23.8
19.6
19.6
42.0
12.6
9.8
7.0
8.4
11.2
7.0
12.6
9.8
140.0
18.2
7.0
11.2
4.2
12.6
29.4
5.6
16.8
7.0
7.0
28.0
7.0
15.4
4.2
8.4
21.0
12.6
2.8
9.8
14.0
28.0
140.0
140.0
53.2
9.8
14.0
15.4
5.6
12.6
7.0
8.4
35.0
25.2
5.6
7.0
14.0
14.0
85.4
2.8
16.8
12.6
2.8
7.0
11.2
2.8
42.0
15.4
25.2
12.6
18.2
42.0
14.0
5.6
1.4
12.6
44.8
16.8
8.4
16.8
19.6
4.2
19.6
11.2
15.4
11.2
19.6
1.4
2.8
14.0
23.8
21.0
1.4
9.8
14.0
8.4
82.6
46.2
25.2
22.4
19.6
37.8
5.6
8.4
11.2
9.8
16.8
12.6
1.4
14.0
9.8
57.4
19.6
28.0
36.4
28.0
8.4
1.4
127.4
39.2
32.2
9.8
16.8
2.8
9.8
16.8
21.0
15.4
7.0
2.8
36.4
9.8
74.2
9.8
8.4
8.4
7.0
15.4
4.2
33.6
8.4
9.8
124.6
4.2
19.6
22.4
40.6
9.8
26.6
7.0
44.8
4.2
79.8
19.6
85.4
1.4
86.8
29.4
15.4
26.6
2.8
16.8
7.0
14.0
21.0
7.0
33.6
9.8
14.0
5.6
35.0
12.6
16.8
19.6
14.0
25.2
21.0
28.0
1.4
7.0
50.4
9.8
8.4
8.4
12.6
5.6
32.2
5.6
60.2
14.0
15.4
9.8
2.8
40.6
11.2
18.2
140.0
25.2
7.0
5.6
15.4
4.2
18.2
1.4
7.0
18.2
21.0
19.6
2.8
140.0
35.0
47.6
21.0
11.2
29.4
19.6
8.4
15.4
11.2
12.6
40.6
9.8
14.0
16.8
29.4
40.6
7.0
53.2
8.4
8.4
4.2
22.4
22.4
4.2
42.0
61.6
9.8
15.4
33.6
19.6
15.4
25.2
44.8
15.4
16.8
16.8
121.8
18.2
18.2
12.6
9.8
39.2
40.6
16.8
4.2
18.2
16.8
2.8
47.6
11.2
26.6
5.6
11.2
22.4
28.0
11.2
140.0
5.6
4.2
21.0
140.0
22.4
140.0
35.0
8.4
14.0
4.2
25.2
11.2
12.6
1.4
9.8
8.4
18.2
61.6
26.6
4.2
8.4
9.8
2.8
140.0
12.6
5.6
25.2
18.2
7.0
22.4
7.0
2.8
26.6
4.2
8.4
7.0
5.6
8.4
19.6
11.2
11.2
11.2
14.0
8.4
8.4
40.6
22.4
7.0
42.0
1.4
15.4
14.0
1.4
18.2
5.6
7.0
14.0
11.2
25.2
4.2
11.2
12.6
12.6
1.4
5.6
21.0
14.0
11.2
11.2
8.4
8.4
15.4
2.8
49.0
2.8
4.2
8.4
35.0
4.2
30.8
36.4
39.2
8.4
21.0
75.6
9.8
1.4
9.8
7.0
7.0
12.6
12.6
8.4
4.2
71.4
5.6
53.2
16.8
18.2
11.2
57.4
9.8
12.6
58.8
140.0
14.0
12.6
14.0
16.8
9.8
15.4
8.4
15.4
7.0
11.2
4.2
14.0
1.4
40.6
28.0
7.0
15.4
22.4
84.0
140.0
21.0
21.0
26.6
140.0
78.4
14.0
140.0
23.8
30.8
15.4
21.0
61.6
9.8
29.4
54.6
19.6
7.0
7.0
26.6
12.6
16.8
71.4
47.6
75.6
28.0
33.6
29.4
96.6
1.4
23.8
19.6
40.6
1.4
29.4
26.6
19.6
18.2
16.8
28.0
25.2
28.0
8.4
5.6
22.4
18.2
14.0
9.8
18.2
29.4
23.8
7.0
8.4
14.0
9.8
15.4
28.0
21.0
91.0
32.2
4.2
18.2
22.4
7.0
37.8
11.2
18.2
12.6
7.0
58.8
18.2
44.8
58.8
5.6
9.8
8.4
21.0
21.0
22.4
29.4
9.8
8.4
30.8
15.4
1.4
18.2
11.2
9.8
8.4
8.4
21.0
51.8
7.0
9.8
18.2
18.2
21.0
29.4
16.8
19.6
107.8
5.6
8.4
16.8
9.8
11.2
30.8
11.2
8.4
23.8
2.8
106.4
29.4
19.6
23.8
26.6
61.6
18.2
75.6
1.4
140.0
140.0
28.0
140.0
16.8
14.0
5.6
22.4
8.4
8.4
14.0
16.8
51.8
53.2
21.0
32.2
12.6
18.2
33.6
7.0
22.4
22.4
5.6
4.2
9.8
5.6
140.0
18.2
15.4
43.4
140.0
8.4
12.6
2.8
121.8
37.8
7.0
19.6
15.4
7.0
75.6
11.2
23.8
9.8
2.8
140.0
9.8
74.2
15.4
8.4
29.4
8.4
19.6
11.2
9.8
23.8
8.4
14.0
14.0
29.4
8.4
140.0
11.2
12.6
7.0
43.4
14.0
39.2
4.2
8.4
7.0
15.4
8.4
29.4
8.4
8.4
18.2
12.6
25.2
5.6
11.2
12.6
5.6
8.4
2.8
22.4
53.2
37.8
19.6
7.0
37.8
21.0
12.6
22.4
44.8
21.0
43.4
16.8
11.2
19.6
8.4
4.2
23.8
5.6
7.0
21.0
4.2
5.6
12.6
9.8
4.2
58.8
12.6
5.6
5.6
9.8
11.2
14.0
15.4
7.0
11.2
9.8
2.8
9.8
26.6
11.2
16.8
11.2
7.0
23.8
9.8
25.2
11.2
5.6
9.8
4.2
67.2
9.8
11.2
15.4
7.0
7.0
1.4
15.4
50.4
8.4
8.4
11.2
28.0
11.2
32.2
140.0
18.2
11.2
19.6
16.8
36.4
53.2
29.4
23.8
5.6
25.2
12.6
140.0
4.2
25.2
15.4
23.8
11.2
11.2
8.4
18.2
9.8
8.4
43.4
7.0
21.0
140.0
30.8
14.0
12.6
9.8
4.2
15.4
11.2
47.6
42.0
9.8
19.6
11.2
51.8
4.2
12.6
14.0
8.4
8.4
4.2
23.8
19.6
8.4
123.2
7.0
26.6
123.2
5.6
14.0
16.8
21.0
33.6
14.0
11.2
9.8
5.6
36.4
8.4
4.2
14.0
28.0
53.2
8.4
7.0
9.8
22.4
7.0
54.6
8.4
26.6
43.4
8.4
28.0
5.6
9.8
120.4
12.6
140.0
25.2
49.0
140.0
16.8
7.0
7.0
22.4
29.4
12.6
9.8
65.8
9.8
11.2
5.6
40.6
25.2
30.8
22.4
9.8
49.0
18.2
30.8
16.8
2.8
12.6
8.4
19.6
7.0
4.2
8.4
9.8
50.4
9.8
11.2
11.2
11.2
112.0
2.8
9.8
1.4
19.6
109.2
4.2
5.6
9.8
9.8
5.6
37.8
11.2
8.4
56.0
9.8
9.8
8.4
9.8
28.0
11.2
9.8
18.2
99.4
12.6
7.0
9.8
5.6
42.0
29.4
37.8
7.0
11.2
5.6
7.0
22.4
43.4
19.6
11.2
26.6
5.6
36.4
8.4
5.6
15.4
8.4
19.6
9.8
28.0
18.2
95.2
14.0
43.4
9.8
5.6
8.4
5.6
29.4
140.0
18.2
33.6
5.6
18.2
8.4
5.6
18.2
42.0
9.8
43.4
32.2
8.4
19.6
8.4
2.8
14.0
26.6
9.8
11.2
7.0
18.2
11.2
5.6
21.0
18.2
47.6
25.2
12.6
30.8
12.6
8.4
36.4
22.4
7.0
9.8
25.2
14.0
11.2
11.2
5.6
18.2
18.2
8.4
16.8
50.4
23.8
15.4
5.6
140.0
21.0
14.0
28.0
51.8
18.2
15.4
5.6
8.4
14.0
36.4
35.0
11.2
46.2
7.0
9.8
29.4
7.0
15.4
1.4
11.2
2.8
11.2
25.2
21.0
18.2
60.2
25.2
28.0
2.8
21.0
5.6
14.0
30.8
29.4
4.2
8.4
26.6
12.6
12.6
22.4
32.2
19.6
4.2
65.8
5.6
7.0
40.6
15.4
22.4
8.4
15.4
7.0
22.4
12.6
7.0
8.4
5.6
18.2
26.6
8.4
15.4
5.6
16.8
23.8
8.4
4.2
11.2
9.8
9.8
47.6
11.2
8.4
1.4
19.6
11.2
8.4
26.6
4.2
33.6
39.2
11.2
12.6
15.4
36.4
140.0
2.8
7.0
14.0
29.4
7.0
14.0
23.8
15.4
5.6
39.2
15.4
18.2
84.0
7.0
16.8
9.8
46.2
11.2
9.8
11.2
8.4
12.6
5.6
12.6
2.8
8.4
140.0
16.8
29.4
5.6
11.2
16.8
5.6
8.4
1.4
7.0
89.6
140.0
23.8
16.8
4.2
7.0
8.4
30.8
8.4
14.0
28.0
2.8
71.4
26.6
12.6
54.6
7.0
14.0
78.4
32.2
22.4
8.4
5.6
5.6
9.8
140.0
7.0
16.8
4.2
25.2
26.6
8.4
11.2
4.2
26.6
9.8
29.4
21.0
23.8
50.4
8.4
4.2
2.8
58.8
49.0
16.8
5.6
46.2
32.2
7.0
8.4
9.8
36.4
8.4
15.4
28.0
29.4
7.0
14.0
85.4
7.0
23.8
9.8
29.4
12.6
11.2
15.4
28.0
8.4
14.0
18.2
28.0
11.2
11.2
12.6
8.4
2.8
1.4
9.8
58.8
4.2
47.6
5.6
86.8
8.4
4.2
19.6
11.2
9.8
18.2
9.8
21.0
8.4
53.2
7.0
8.4
8.4
23.8
54.6
2.8
12.6
4.2
9.8
11.2
14.0
28.0
23.8
25.2
16.8
18.2
19.6
8.4
7.0
16.8
8.4
12.6
7.0
8.4
9.8
11.2
16.8
9.8
21.0
29.4
21.0
9.8
23.8
33.6
25.2
140.0
57.4
8.4
9.8
18.2
40.6
11.2
9.8
12.6
8.4
1.4
21.0
14.0
64.4
57.4
39.2
14.0
8.4
15.4
11.2
5.6
21.0
22.4
1.4
12.6
79.8
1.4
15.4
9.8
28.0
9.8
9.8
7.0
5.6
9.8
8.4
22.4
11.2
1.4
22.4
67.2
11.2
4.2
16.8
7.0
7.0
4.2
9.8
8.4
47.6
5.6
15.4
7.0
11.2
11.2
19.6
7.0
7.0
1.4
8.4
14.0
12.6
7.0
16.8
15.4
26.6
5.6
1.4
33.6
9.8
14.0
33.6
8.4
4.2
4.2
4.2
8.4
11.2
7.0
15.4
7.0
5.6
18.2
44.8
5.6
19.6
9.8
15.4
11.2
11.2
15.4
49.0
11.2
5.6
12.6
4.2
9.8
7.0
36.4
39.2
7.0
4.2
5.6
1.4
14.0
42.0
15.4
5.6
11.2
11.2
18.2
19.6
5.6
2.8
14.0
7.0
11.2
1.4
12.6
8.4
14.0
4.2
9.8
14.0
18.2
46.2
35.0
5.6
8.4
18.2
22.4
2.8
8.4
37.8
8.4
18.2
25.2
33.6
8.4
84.0
16.8
4.2
8.4
9.8
5.6
9.8
40.6
9.8
44.8
33.6
2.8
12.6
21.0
30.8
23.8
4.2
15.4
4.2
11.2
5.6
16.8
15.4
9.8
30.8
25.2
43.4
7.0
1.4
5.6
7.0
22.4
8.4
8.4
21.0
11.2
37.8
49.0
5.6
7.0
16.8
12.6
8.4
25.2
21.0
7.0
7.0
14.0
14.0
8.4
26.6
9.8
119.0
8.4
39.2
7.0
5.6
5.6
5.6
22.4
11.2
12.6
26.6
12.6
30.8
9.8
12.6
15.4
16.8
18.2
47.6
11.2
7.0
14.0
21.0
9.8
8.4
19.6
9.8
1.4
9.8
4.2
28.0
7.0
16.8
2.8
9.8
7.0
11.2
7.0
28.0
11.2
11.2
19.6
21.0
81.2
5.6
1.4
28.0
1.4
5.6
7.0
39.2
12.6
2.8
28.0
15.4
15.4
37.8
8.4
8.4
11.2
9.8
8.4
4.2
7.0
37.8
25.2
8.4
140.0
35.0
4.2
11.2
12.6
14.0
7.0
18.2
9.8
9.8
22.4
102.2
8.4
44.8
9.8
39.2
12.6
1.4
7.0
11.2
8.4
21.0
16.8
11.2
14.0
7.0
28.0
5.6
21.0
8.4
4.2
18.2
12.6
7.0
12.6
14.0
25.2
15.4
7.0
4.2
11.2
16.8
28.0
7.0
8.4
11.2
5.6
18.2
4.2
12.6
9.8
5.6
12.6
23.8
11.2
4.2
140.0
7.0
14.0
8.4
19.6
43.4
7.0
1.4
11.2
35.0
7.0
140.0
12.6
23.8
89.6
7.0
11.2
9.8
12.6
11.2
9.8
28.0
15.4
15.4
8.4
8.4
4.2
61.6
9.8
15.4
8.4
19.6
23.8
28.0
5.6
19.6
15.4
4.2
35.0
11.2
36.4
16.8
5.6
14.0
9.8
12.6
5.6
18.2
22.4
14.0
12.6
37.8
8.4
21.0
11.2
7.0
4.2
29.4
11.2
8.4
8.4
11.2
7.0
30.8
8.4
86.8
11.2
2.8
4.2
7.0
14.0
23.8
23.8
15.4
4.2
33.6
8.4
26.6
11.2
71.4
8.4
12.6
18.2
18.2
5.6
19.6
25.2
8.4
19.6
8.4
14.0
81.2
40.6
5.6
23.8
29.4
11.2
140.0
9.8
37.8
36.4
12.6
1.4
11.2
9.8
8.4
15.4
21.0
7.0
9.8
28.0
58.8
9.8
12.6
12.6
82.6
1.4
7.0
36.4
15.4
12.6
30.8
49.0
11.2
140.0
9.8
7.0
18.2
18.2
11.2
21.0
23.8
100.8
5.6
22.4
12.6
1.4
19.6
9.8
14.0
8.4
33.6
5.6
19.6
12.6
16.8
18.2
7.0
30.8
51.8
15.4
19.6
18.2
5.6
15.4
19.6
25.2
14.0
40.6
9.8
12.6
1.4
5.6
11.2
25.2
12.6
84.0
60.2
11.2
16.8
140.0
33.6
33.6
21.0
4.2
16.8
7.0
11.2
35.0
21.0
32.2
5.6
19.6
33.6
29.4
11.2
15.4
23.8
67.2
65.8
9.8
33.6
4.2
26.6
5.6
14.0
29.4
28.0
2.8
19.6
14.0
16.8
11.2
140.0
4.2
14.0
5.6
16.8
8.4
16.8
11.2
5.6
5.6
8.4
14.0
19.6
5.6
140.0
12.6
14.0
19.6
14.0
8.4
8.4
14.0
43.4
8.4
43.4
12.6
7.0
4.2
18.2
15.4
8.4
14.0
11.2
11.2
18.2
88.2
18.2
5.6
5.6
4.2
5.6
11.2
18.2
11.2
9.8
16.8
7.0
14.0
9.8
26.6
11.2
46.2
5.6
8.4
14.0
8.4
12.6
11.2
15.4
7.0
5.6
9.8
29.4
2.8
12.6
12.6
19.6
16.8
44.8
25.2
28.0
82.6
11.2
36.4
35.0
7.0
14.0
47.6
5.6
5.6
15.4
11.2
19.6
14.0
51.8
12.6
9.8
7.0
4.2
5.6
16.8
2.8
12.6
23.8
1.4
140.0
9.8
32.2
11.2
7.0
12.6
9.8
2.8
7.0
36.4
8.4
2.8
15.4
11.2
12.6
16.8
8.4
15.4
11.2
11.2
8.4
39.2
4.2
21.0
64.4
12.6
42.0
7.0
12.6
9.8
14.0
140.0
15.4
18.2
7.0
9.8
5.6
75.6
