48
10
29
31
23
14
13
4
32
98
4
4
33
10
15
21
15
10
18
4
17
49
7
4
6
4
49
92
10
26
18
26
32
26
23
12
98
2
6
10
31
3
10
98
4
21
10
5
98
6
98
2
6
9
10
21
14
3
11
3
18
5
2
85
16
13
9
10
14
9
4
5
98
5
5
2
5
14
19
32
8
8
2
2
98
8
98
32
5
10
7
2
74
6
5
37
59
33
7
3
55
6
7
30
24
28
7
10
6
6
28
16
67
7
6
2
13
21
4
14
9
38
67
98
61
7
98
51
98
7
18
10
4
10
60
7
1
7
7
2
2
98
11
1
9
15
6
12
18
76
43
9
19
7
8
6
7
10
3
35
3
14
22
5
9
3
3
25
27
13
12
98
9
15
9
23
68
2
9
53
35
9
9
3
14
50
7
5
2
9
56
20
17
5
25
16
10
5
20
19
22
24
48
8
18
2
7
77
9
4
68
23
3
60
8
36
98
2
11
27
6
18
16
9
5
7
34
8
12
3
26
12
25
3
14
20
31
11
6
4
24
15
5
8
8
4
49
2
8
11
3
98
12
10
5
3
3
7
98
16
6
4
23
8
98
48
14
21
8
13
5
9
20
28
59
5
5
27
32
8
13
4
15
28
5
25
9
12
5
2
12
51
11
23
8
12
4
5
9
5
62
98
39
57
42
8
12
98
33
5
38
0
3
74
6
8
12
33
6
20
3
2
12
6
8
10
98
8
64
6
29
28
15
98
6
37
9
7
30
98
98
41
16
9
9
2
14
10
14
11
20
16
8
60
98
2
9
3
2
2
7
98
12
6
3
10
8
7
98
18
8
1
10
7
55
5
24
21
6
6
98
17
98
21
43
2
36
10
2
26
11
14
5
17
24
9
19
1
77
7
64
98
2
12
98
25
12
23
4
2
10
34
4
10
49
8
1
12
2
26
4
12
5
5
4
46
28
2
14
33
26
12
28
20
7
3
5
15
5
39
3
4
2
12
2
48
6
8
67
12
7
44
8
35
11
22
2
9
28
24
4
16
98
6
22
42
6
6
11
10
98
7
13
1
14
6
98
98
7
15
9
5
1
14
10
12
61
9
2
3
4
12
8
7
21
37
16
25
5
6
9
10
7
28
4
4
14
24
21
29
35
33
98
6
5
98
7
69
7
17
4
49
6
9
7
98
3
15
39
10
10
2
98
37
2
39
12
4
5
2
8
91
20
7
30
98
8
10
17
28
16
5
2
27
6
98
23
14
17
24
22
44
98
16
49
4
5
19
37
14
8
10
3
66
2
11
4
25
8
3
16
9
18
5
2
5
98
98
17
4
8
10
47
22
31
7
3
40
8
8
98
21
12
31
4
19
18
15
11
2
13
68
7
98
8
17
98
13
11
4
6
8
14
98
4
13
6
10
98
6
12
8
25
7
14
8
8
73
90
16
18
49
7
98
7
16
9
98
40
32
6
26
98
22
80
10
3
98
98
98
40
7
12
5
98
10
9
14
98
98
12
98
40
30
12
98
98
25
20
1
6
22
87
10
3
20
25
7
13
98
98
5
7
3
16
14
30
28
4
5
8
98
98
4
31
7
5
1
10
24
98
98
98
11
3
6
5
7
13
36
61
24
26
2
8
57
44
11
5
12
7
98
22
0
15
9
6
7
30
10
9
4
9
5
14
30
24
11
8
12
15
14
9
2
9
3
21
3
4
4
98
10
19
95
17
12
24
27
18
26
14
28
45
12
2
33
9
18
21
5
12
24
98
98
4
6
29
4
9
10
98
16
2
3
10
5
4
2
11
2
7
47
7
7
22
22
6
8
12
11
42
34
11
4
7
3
2
17
83
2
11
27
2
6
17
98
7
3
10
6
98
10
6
31
5
4
14
8
32
6
6
4
14
8
4
2
1
4
11
14
4
68
98
13
6
14
13
5
12
3
12
4
12
6
1
11
94
28
65
9
84
5
37
4
98
98
15
98
5
6
6
34
17
3
18
18
2
7
11
7
6
5
9
5
9
13
6
16
40
32
13
4
18
6
7
20
8
1
8
98
2
2
10
28
17
98
7
9
6
8
3
23
98
12
6
14
3
62
25
6
42
22
12
8
71
8
4
48
98
98
6
2
18
6
10
47
12
8
9
30
1
12
8
98
98
9
65
13
67
3
3
98
9
8
6
14
8
49
3
9
8
33
90
10
2
36
98
2
4
70
45
8
20
5
54
18
82
21
14
98
98
10
14
22
20
12
6
50
9
62
30
5
4
3
98
6
98
6
98
11
48
37
23
10
98
16
14
2
10
98
70
5
98
54
18
40
35
70
6
3
3
16
12
29
5
18
5
11
29
17
12
98
98
23
7
2
16
12
4
10
6
7
98
6
6
15
13
2
98
3
11
4
6
30
9
19
3
13
3
17
11
11
9
98
5
5
29
2
10
98
12
15
2
8
37
29
12
3
5
40
9
11
66
14
7
7
29
36
9
2
6
26
50
7
3
8
17
3
42
2
3
44
98
4
10
18
27
9
7
8
47
10
23
5
13
15
26
4
10
12
13
5
26
5
13
14
38
8
52
17
47
2
79
2
11
98
13
2
58
7
6
8
20
6
24
98
11
34
98
15
7
3
96
17
10
71
7
0
9
15
18
15
8
1
6
9
4
34
29
53
22
12
18
10
16
2
13
10
9
75
15
8
2
32
5
9
5
7
2
9
3
11
1
30
7
6
16
98
6
12
98
22
9
98
10
10
42
7
8
24
22
44
8
98
12
4
2
51
9
10
98
6
11
78
7
98
4
9
2
9
98
16
14
7
6
9
18
17
4
43
2
7
8
6
61
22
35
7
3
36
40
10
36
23
6
10
16
4
10
98
45
4
8
6
46
34
63
10
12
20
10
8
6
7
67
6
29
6
3
9
2
45
8
20
25
7
18
2
6
18
7
20
6
98
18
58
8
3
98
9
9
7
26
98
98
2
3
3
8
10
55
98
7
6
2
2
49
14
9
53
98
8
23
45
71
21
4
19
6
13
20
2
33
31
5
13
22
2
8
3
5
13
2
13
3
13
12
4
5
12
2
3
27
51
10
6
14
5
5
6
24
10
5
9
28
3
5
11
9
13
23
2
8
17
19
9
25
24
28
28
8
7
34
55
9
66
11
9
3
42
5
11
86
98
6
3
10
17
5
18
4
8
7
2
2
75
6
98
27
6
52
6
2
98
21
78
5
98
44
15
61
8
9
8
9
31
23
2
98
0
8
12
40
4
5
13
12
20
5
36
3
5
20
5
5
13
6
16
5
5
6
5
4
7
11
7
3
8
10
63
6
4
7
4
4
30
15
6
5
7
4
16
33
14
21
7
17
