98
3
98
98
19
98
37
98
32
98
4
13
12
5
14
29
4
3
2
4
14
3
98
98
98
27
10
98
5
32
13
9
19
9
98
34
98
19
10
29
9
8
1
98
4
2
34
98
16
41
98
5
6
7
12
98
14
12
98
98
11
98
11
2
98
98
5
98
11
93
71
7
9
98
98
6
7
27
98
98
3
98
98
4
64
7
98
13
7
8
98
5
98
13
23
15
90
98
3
11
6
6
33
98
24
98
17
7
98
23
17
98
98
76
10
24
5
98
98
98
2
98
18
4
18
6
8
7
8
14
7
14
98
3
15
98
83
7
92
14
7
8
6
98
9
22
19
3
4
2
98
7
9
98
3
39
98
51
98
17
98
98
3
98
3
98
4
50
75
30
98
3
32
72
8
8
26
10
98
10
7
98
10
98
6
23
18
7
3
7
7
98
98
51
4
34
9
45
8
17
98
7
98
98
98
98
11
6
3
6
98
5
98
7
6
6
8
8
5
98
15
3
98
24
60
98
6
21
6
5
6
98
7
3
3
98
10
18
98
98
98
98
98
98
3
90
39
3
11
3
15
12
9
24
7
98
24
9
98
98
28
8
8
98
10
4
20
7
98
15
16
98
19
3
98
21
5
98
5
4
38
98
5
98
95
6
98
98
98
69
5
7
98
5
46
98
9
2
98
98
3
9
98
98
98
3
13
61
98
98
13
7
9
98
4
4
3
98
98
98
2
18
7
98
6
12
7
16
98
98
98
57
13
14
6
98
10
26
15
98
98
98
98
7
5
41
98
7
98
98
13
4
69
9
5
7
98
98
66
15
6
48
3
98
6
5
5
21
53
98
7
4
92
3
7
6
98
98
98
5
98
17
0
98
2
8
0
70
6
98
98
5
72
11
15
12
8
6
24
48
28
32
30
12
98
98
3
4
98
98
98
7
98
14
98
98
63
5
98
8
98
23
4
4
12
66
5
98
98
4
98
58
6
12
98
98
98
80
3
7
12
7
98
2
98
9
8
98
7
12
38
13
6
98
7
98
98
98
3
54
67
98
7
7
83
27
31
3
9
68
7
55
3
98
98
98
1
98
91
9
3
98
98
12
12
14
33
4
4
4
7
3
6
8
10
98
13
9
5
12
94
44
2
45
8
8
6
5
3
10
10
5
7
10
8
13
3
10
7
10
10
98
98
24
98
7
10
98
10
58
8
31
7
10
18
8
98
33
17
2
10
6
98
4
98
98
40
53
98
11
98
98
4
95
98
98
3
14
2
4
19
6
98
4
98
98
98
29
39
6
8
98
98
98
98
98
3
98
8
8
8
8
4
4
6
30
28
98
2
5
2
14
6
5
98
98
98
98
98
60
18
3
29
98
51
93
5
5
4
3
3
4
98
7
24
7
5
98
98
98
19
40
17
10
25
6
98
5
22
9
98
98
7
8
96
98
30
15
38
2
15
98
3
25
98
15
11
98
3
9
98
3
9
9
98
11
98
4
98
98
5
98
4
25
6
98
98
36
9
98
98
14
51
98
17
98
6
2
6
98
23
10
30
43
98
4
52
4
98
98
98
8
3
2
17
5
4
13
98
98
6
5
19
98
98
98
98
2
10
8
44
4
8
98
7
6
98
5
17
98
11
4
0
5
6
98
98
98
15
13
14
6
98
98
24
6
25
36
98
18
3
8
8
98
5
5
11
6
11
98
29
84
3
10
15
98
36
34
98
8
98
98
58
2
7
7
25
51
3
20
3
98
27
4
98
6
10
57
7
98
98
7
5
98
3
5
10
46
32
13
29
98
5
30
16
98
98
98
98
98
9
8
8
11
7
0
98
6
98
20
5
8
3
12
98
8
4
98
98
11
86
21
29
3
15
42
98
0
98
98
2
19
6
16
42
98
98
98
98
21
10
40
3
4
15
54
27
83
6
4
6
6
11
6
98
98
98
15
4
11
10
7
15
8
10
4
6
4
9
98
11
68
3
5
4
1
2
98
36
6
98
3
12
4
10
4
98
13
27
98
98
9
9
11
11
3
7
8
29
5
49
20
34
0
39
98
18
10
4
9
6
16
12
98
5
15
3
98
98
98
94
15
98
36
15
4
98
31
26
3
20
6
98
98
4
98
7
5
17
5
13
6
3
98
22
3
9
3
9
1
9
22
98
5
98
19
98
20
98
4
70
13
16
98
12
3
9
25
20
18
17
15
8
6
13
98
3
6
6
10
3
98
3
7
6
5
98
4
45
12
6
2
4
3
3
0
36
7
11
7
98
53
24
8
5
3
18
98
98
3
98
98
26
4
9
98
8
2
5
94
27
10
4
22
98
6
4
7
92
4
10
33
98
14
7
28
5
4
25
11
13
6
73
3
6
24
4
4
3
9
98
98
7
3
98
98
98
7
13
21
16
98
5
98
7
31
98
6
1
6
98
11
19
11
80
17
16
98
8
12
10
25
14
7
98
98
3
2
46
46
20
0
4
98
16
3
98
18
8
98
13
5
16
98
98
98
11
98
4
23
17
98
20
12
4
8
12
18
2
10
98
3
1
14
3
2
6
7
98
98
5
8
11
95
8
5
11
7
98
27
9
98
3
25
98
13
29
2
16
30
11
98
10
3
14
98
91
3
8
9
2
13
98
6
10
12
33
2
28
3
16
9
22
7
98
5
6
8
95
5
0
23
22
15
3
5
3
98
5
7
3
20
98
20
8
3
2
10
98
17
11
98
98
10
5
5
98
20
98
76
7
7
5
8
24
3
3
3
6
98
