61.6
11.2
36.4
5.6
35.7
4.9
9.1
44.1
140.0
140.0
140.0
140.0
31.5
140.0
18.9
6.3
48.3
69.3
23.1
140.0
23.1
140.0
140.0
140.0
7.7
140.0
72.1
42.7
32.9
28.7
56.7
23.1
9.1
6.3
48.3
66.5
1.4
30.8
39.2
29.4
47.6
95.2
7.0
36.4
22.4
1.4
8.4
5.6
2.8
36.4
1.4
7.0
140.0
2.8
5.6
18.2
1.4
43.4
50.4
18.2
40.6
8.4
30.8
5.6
1.4
2.8
140.0
21.0
1.4
2.8
1.4
16.8
140.0
36.4
4.2
2.8
21.0
140.0
14.0
56.0
37.8
9.8
1.4
9.8
42.0
15.4
140.0
60.2
70.0
44.8
5.6
44.8
140.0
32.2
50.4
1.4
4.2
1.4
2.8
18.2
1.4
4.2
70.0
29.4
1.4
29.4
53.2
15.4
40.6
57.4
1.4
8.4
5.6
2.8
12.6
15.4
15.4
1.4
28.0
140.0
61.6
140.0
1.4
16.8
22.4
21.0
1.4
21.0
85.4
126.0
140.0
140.0
1.4
1.4
42.0
1.4
2.8
53.2
21.0
7.0
35.0
57.4
4.2
15.4
14.0
1.4
15.4
2.8
32.2
46.2
8.4
9.8
1.4
19.6
15.4
25.2
58.8
14.0
37.8
5.6
15.4
42.0
32.2
140.0
8.4
4.2
21.0
140.0
16.8
15.4
21.0
51.8
1.4
1.4
86.8
19.6
28.0
23.8
26.6
1.4
117.6
15.4
77.0
29.4
1.4
5.6
14.0
4.2
5.6
16.8
2.8
12.6
16.8
7.0
140.0
1.4
140.0
140.0
8.4
140.0
8.4
1.4
72.8
35.0
1.4
1.4
23.8
16.8
1.4
18.2
12.6
12.6
4.2
89.6
9.8
25.2
1.4
2.8
28.0
50.4
22.4
16.8
4.2
7.0
19.6
22.4
4.2
14.0
14.0
29.4
96.6
29.4
37.8
140.0
18.2
15.4
2.8
11.2
8.4
99.4
65.8
7.0
19.6
30.8
2.8
1.4
4.2
1.4
22.4
9.8
37.8
46.2
5.6
8.4
14.0
8.4
15.4
4.2
4.2
29.4
19.6
37.8
21.0
2.8
28.0
14.0
23.8
15.4
9.8
72.8
140.0
21.0
74.2
110.6
47.6
140.0
2.8
30.8
1.4
12.6
9.8
4.2
47.6
140.0
36.4
16.8
4.2
7.0
50.4
4.2
23.8
1.4
11.2
28.0
18.2
5.6
72.8
18.2
140.0
7.0
49.0
16.8
23.8
19.6
14.0
140.0
12.6
9.8
35.0
140.0
2.8
86.8
23.8
106.4
5.6
61.6
22.4
46.2
7.0
25.2
140.0
140.0
4.2
4.2
8.4
140.0
1.4
140.0
33.6
2.8
11.2
12.6
32.2
9.8
109.2
140.0
18.2
82.6
11.2
140.0
140.0
53.2
11.2
1.4
140.0
5.6
23.8
93.8
5.6
7.7
9.1
25.9
18.9
13.3
37.1
0.7
140.0
44.1
44.1
9.1
30.1
109.9
11.9
6.3
3.5
140.0
16.1
23.1
140.0
24.5
4.9
122.5
28.7
14.7
16.1
13.3
101.5
140.0
140.0
20.3
21.7
13.3
13.3
18.9
13.3
18.9
21.7
7.7
44.1
7.7
32.9
17.5
37.1
25.9
97.3
91.7
16.1
0.7
14.7
140.0
28.7
7.7
24.5
48.3
140.0
55.3
140.0
42.7
17.5
20.3
140.0
2.1
10.5
28.7
60.9
118.3
6.3
41.3
66.5
37.1
10.5
31.5
140.0
35.7
140.0
21.7
79.1
7.7
10.5
11.9
11.9
10.5
20.3
80.5
140.0
14.7
16.1
28.7
44.1
93.1
56.7
88.9
4.9
97.3
7.7
140.0
21.7
140.0
4.9
24.5
140.0
25.9
48.3
27.3
16.1
140.0
56.7
25.9
21.7
39.9
27.3
21.7
0.7
28.7
23.1
111.3
10.5
140.0
2.1
39.9
16.1
140.0
74.9
34.3
10.5
140.0
30.1
140.0
27.3
98.7
11.9
140.0
95.9
13.3
34.3
23.1
16.1
27.3
140.0
30.1
11.9
49.7
76.3
3.5
37.1
13.3
79.1
13.3
140.0
11.9
24.5
3.5
6.3
51.1
58.1
140.0
30.1
20.3
9.1
42.7
32.9
140.0
10.5
37.1
140.0
37.1
87.5
140.0
53.9
21.7
18.9
21.7
13.3
140.0
112.7
24.5
140.0
32.9
56.7
140.0
115.5
83.3
140.0
55.3
30.1
34.3
140.0
3.5
6.3
16.1
20.3
140.0
2.1
62.3
18.9
16.1
140.0
38.5
119.7
51.1
6.3
116.9
7.7
10.5
140.0
63.7
140.0
11.9
17.5
37.1
21.7
28.7
37.1
83.3
91.7
140.0
67.9
104.3
34.3
107.1
7.7
48.3
140.0
62.3
20.3
16.1
93.1
18.9
140.0
140.0
66.5
39.9
13.3
11.9
30.1
18.9
140.0
9.1
23.1
23.1
45.5
34.3
10.5
55.3
56.7
140.0
81.9
18.9
6.3
18.9
38.5
11.9
14.7
38.5
66.5
77.7
11.9
98.7
45.5
140.0
38.5
3.5
23.1
53.9
11.9
140.0
34.3
24.5
0.7
24.5
9.1
70.7
16.1
31.5
59.5
140.0
112.7
11.9
76.3
140.0
140.0
140.0
34.3
67.9
23.1
140.0
14.7
2.1
140.0
34.3
100.1
13.3
140.0
74.9
140.0
35.7
