6
10
98
4
13
7
2
3
7
4
9
21
9
3
6
9
5
89
12
5
6
36
14
7
98
5
13
13
7
7
21
23
3
10
13
5
4
23
16
26
2
98
3
3
11
8
2
2
98
14
10
14
5
5
12
4
73
14
6
3
7
98
9
42
4
20
5
9
1
8
27
10
4
7
1
11
3
20
2
10
4
98
3
5
2
3
4
7
74
6
14
7
35
9
8
6
5
2
8
3
4
3
9
4
5
6
5
2
19
98
1
2
8
20
9
4
7
21
3
98
7
8
35
98
7
5
8
7
98
91
9
7
7
2
9
98
14
98
30
7
27
11
8
8
12
3
4
6
3
3
3
9
33
14
73
4
80
8
9
5
13
6
11
6
5
7
5
4
16
11
15
17
3
16
6
5
3
6
3
3
5
4
5
13
98
2
1
9
3
4
4
6
10
17
27
7
71
3
3
6
7
58
8
2
10
15
13
2
4
3
6
9
9
2
19
9
14
8
98
4
98
16
8
9
11
5
98
5
2
6
6
16
16
3
3
6
27
5
18
7
9
4
5
1
0
2
7
98
6
4
5
10
4
5
4
4
48
8
22
98
5
3
10
3
6
19
8
5
98
2
1
11
30
7
8
4
10
8
98
4
98
8
6
5
53
98
7
98
10
5
7
5
22
4
3
5
14
5
6
5
14
11
7
11
6
4
14
3
4
98
6
5
6
12
3
2
10
6
1
3
4
7
12
10
5
5
10
7
22
34
7
6
11
23
6
13
11
38
8
4
4
30
13
5
10
50
15
10
2
4
3
4
7
43
13
6
29
70
7
4
9
98
4
18
98
5
16
6
98
10
6
4
7
6
7
98
2
98
4
14
18
3
13
5
3
7
25
10
7
6
2
5
98
98
12
14
7
19
98
82
98
40
4
14
98
25
9
4
98
22
9
9
6
2
7
31
10
9
12
98
7
4
12
18
44
11
2
21
3
4
7
5
6
5
2
21
13
98
6
98
98
10
7
16
17
76
8
5
5
8
4
2
1
7
2
4
8
6
10
60
13
5
4
98
45
98
8
25
7
31
5
4
9
98
2
9
98
98
81
12
1
13
98
18
27
98
6
8
3
98
7
11
2
56
72
98
56
1
3
11
1
7
10
8
5
11
13
8
4
27
98
7
4
0
7
6
11
98
50
7
13
98
42
98
12
98
14
3
22
17
2
7
4
2
3
38
84
4
34
15
4
3
28
2
6
5
21
3
12
4
32
40
11
2
28
8
2
5
3
10
8
4
3
4
24
27
20
10
10
42
31
10
7
2
5
20
6
3
16
98
7
33
10
6
6
22
6
98
98
19
26
98
18
2
1
11
6
10
21
6
5
14
6
3
6
12
17
4
98
98
44
14
6
10
98
24
12
3
7
98
6
9
6
16
49
73
98
5
9
6
4
2
4
10
16
98
21
40
10
3
98
9
8
22
3
5
23
5
7
98
14
4
8
4
4
13
3
4
13
2
7
3
10
5
3
9
3
22
5
5
4
31
98
8
42
4
22
57
7
39
5
11
10
98
11
11
4
8
6
5
7
4
15
6
11
6
5
1
6
3
4
3
3
4
3
45
3
8
7
3
8
9
11
3
34
9
10
24
57
13
6
11
98
6
56
4
3
29
6
4
63
22
5
95
1
7
4
3
5
5
11
3
14
7
9
11
13
6
17
3
13
6
20
98
8
3
14
15
27
1
10
4
7
4
23
3
5
23
3
8
7
2
39
6
23
16
4
5
3
45
98
28
16
3
5
59
12
33
1
19
24
6
3
7
98
10
47
4
3
5
6
72
10
98
22
29
3
12
9
10
20
4
16
8
3
5
59
3
32
23
10
4
98
3
24
12
9
3
23
8
3
59
2
15
98
3
4
6
10
3
5
5
3
2
15
3
3
6
4
5
20
38
68
3
7
8
4
49
10
73
23
1
59
10
2
11
16
4
10
23
7
53
8
5
7
20
7
5
98
98
2
11
12
10
8
1
7
5
3
98
8
2
9
3
11
9
9
5
1
1
3
28
0
7
98
9
4
9
98
9
14
98
18
4
13
5
5
16
5
75
2
3
95
11
4
32
7
41
4
3
98
2
38
9
23
4
5
17
3
5
10
6
6
10
3
23
98
14
7
16
12
2
98
10
23
4
7
4
40
98
39
18
9
98
9
7
13
3
10
2
15
4
6
4
3
6
25
20
35
5
5
3
3
8
98
4
4
4
22
4
7
6
25
2
7
6
13
18
4
7
1
2
7
5
31
17
16
9
98
30
48
4
2
5
7
37
5
67
34
4
41
9
5
49
1
5
2
98
80
17
6
2
6
34
7
8
3
8
4
15
70
13
12
3
6
13
3
6
9
4
5
7
13
5
7
3
7
12
4
21
54
31
5
15
15
4
5
6
2
41
18
6
9
22
3
13
5
27
27
5
81
98
1
7
11
19
43
41
14
3
13
4
3
3
11
5
12
4
4
4
9
98
19
4
4
8
32
6
13
39
34
55
8
7
2
4
3
6
3
3
5
2
5
26
3
5
98
6
10
26
22
8
98
5
10
8
5
9
8
7
66
17
4
40
45
53
4
6
4
7
98
5
14
26
2
27
6
3
16
5
17
16
10
5
27
3
25
6
9
98
5
6
13
4
3
4
21
2
3
7
5
3
10
2
37
8
17
5
3
3
98
18
2
4
3
7
3
36
7
