1.05
140.0
10.85
19.25
140.0
118.65
1.05
38.85
99.05
15.05
6.65
16.45
59.85
19.25
140.0
5.25
82.25
71.05
19.25
3.85
140.0
12.25
3.85
140.0
140.0
9.45
44.45
85.05
8.05
118.65
140.0
1.05
45.85
8.05
24.85
6.65
79.45
43.05
140.0
71.05
3.85
140.0
140.0
8.05
30.45
51.45
6.65
10.85
140.0
47.25
59.85
54.25
62.65
37.45
57.05
24.85
140.0
9.45
85.05
140.0
65.45
140.0
140.0
9.45
9.45
26.25
86.45
140.0
48.65
12.25
47.25
44.45
43.05
140.0
140.0
140.0
22.05
140.0
140.0
30.45
26.25
140.0
140.0
140.0
140.0
140.0
118.65
16.45
140.0
20.65
5.25
1.05
17.85
8.05
101.85
3.85
5.25
37.45
100.45
140.0
1.05
140.0
9.45
6.65
3.85
2.45
13.65
8.05
6.65
15.05
17.85
3.85
140.0
36.05
16.45
17.85
1.05
13.65
9.45
3.85
5.25
6.65
15.05
20.65
72.45
5.25
65.45
68.25
52.85
43.05
12.25
1.05
97.65
8.05
140.0
55.65
9.45
3.85
22.05
10.85
13.65
26.25
6.65
10.85
1.05
140.0
15.05
10.85
2.45
9.45
12.25
8.05
13.65
27.65
140.0
3.85
85.05
3.85
58.45
41.65
5.25
12.25
140.0
3.85
76.65
79.45
1.05
41.65
15.05
140.0
34.65
29.05
140.0
140.0
1.05
75.25
2.45
37.45
19.25
65.45
12.25
3.85
140.0
47.25
13.65
26.25
89.25
2.45
9.45
19.25
5.25
17.85
66.85
65.45
100.45
71.05
13.65
19.25
5.25
76.65
111.65
20.65
75.25
59.85
13.65
15.05
140.0
8.05
140.0
24.85
140.0
140.0
2.45
9.45
47.25
82.25
27.65
24.85
94.85
86.45
11.9
46.9
69.3
3.5
7.7
3.5
46.9
14.7
65.1
35.7
27.3
3.5
10.5
25.9
3.5
140.0
6.3
140.0
0.7
17.5
13.3
93.1
2.1
4.9
140.0
2.1
6.3
18.9
105.7
6.3
2.1
16.1
2.1
6.3
74.9
3.5
88.9
10.5
140.0
7.7
31.5
7.7
45.5
140.0
2.1
90.3
46.9
11.9
25.9
119.7
13.3
7.7
6.3
6.3
140.0
6.3
42.7
2.1
0.7
13.3
140.0
4.9
2.1
41.3
3.5
17.5
31.5
6.3
104.3
11.9
23.1
4.9
140.0
16.1
14.7
77.7
62.3
140.0
6.3
20.3
48.3
140.0
9.1
6.3
41.3
18.9
16.1
3.5
9.1
11.9
13.3
59.5
20.3
14.7
140.0
9.1
11.9
98.7
140.0
2.1
140.0
13.3
14.7
7.7
7.7
60.9
48.3
4.9
140.0
39.9
140.0
11.9
4.9
21.7
7.7
4.9
9.1
10.5
105.7
3.5
32.9
18.9
59.5
2.1
7.7
30.1
100.1
7.7
104.3
17.5
2.1
62.3
2.1
140.0
4.9
140.0
66.5
28.7
20.3
140.0
10.5
39.9
6.3
73.5
6.3
9.1
45.5
11.9
72.1
105.7
140.0
16.1
2.1
44.1
4.9
17.5
140.0
28.7
16.1
4.9
6.3
23.1
7.7
4.9
60.9
140.0
3.5
2.1
11.9
6.3
35.7
3.5
94.5
7.7
23.1
18.9
109.9
9.1
28.7
37.1
38.5
140.0
2.1
3.5
17.5
10.5
94.5
4.9
4.9
6.3
7.7
3.5
20.3
4.9
31.5
37.1
73.5
140.0
34.3
27.3
35.7
28.7
76.3
62.3
6.3
4.9
13.3
94.5
16.1
10.5
9.1
32.9
7.7
109.9
14.7
9.1
6.3
140.0
4.9
13.3
17.5
9.1
140.0
140.0
13.3
18.9
140.0
2.1
2.1
44.1
2.1
20.3
9.1
32.9
9.1
0.7
51.1
4.9
11.9
24.5
21.7
53.9
116.9
20.3
7.7
7.7
140.0
18.9
0.7
16.1
0.7
35.7
140.0
10.5
6.3
140.0
16.1
16.1
9.1
55.3
77.7
9.1
140.0
4.9
25.9
18.9
140.0
21.7
9.1
10.5
2.1
3.5
28.7
14.7
17.5
3.5
13.3
23.1
108.5
140.0
9.1
67.9
140.0
9.1
2.1
42.7
32.9
3.5
11.9
14.7
28.7
13.3
16.1
67.9
72.1
140.0
104.3
3.5
140.0
25.9
14.7
42.7
42.7
2.1
140.0
44.1
11.9
140.0
14.7
66.5
3.5
27.3
3.5
9.1
35.7
3.5
53.9
4.9
0.7
7.7
118.3
14.7
140.0
11.9
52.5
28.7
23.1
7.7
7.7
63.7
28.7
4.9
6.3
30.1
4.9
9.1
23.1
18.9
140.0
0.7
140.0
3.5
7.7
16.1
101.5
4.9
10.5
140.0
14.7
27.3
140.0
3.5
7.7
21.7
14.7
18.9
17.5
101.5
9.1
25.9
140.0
46.9
30.1
69.3
140.0
17.5
3.5
140.0
140.0
140.0
11.9
34.3
140.0
140.0
13.3
2.1
11.9
70.7
28.7
16.1
48.3
7.7
0.7
9.1
35.7
13.3
140.0
20.3
18.9
93.1
35.7
6.3
14.7
24.5
6.3
140.0
140.0
2.1
11.9
140.0
140.0
45.5
6.3
59.5
108.5
7.7
76.3
16.1
3.5
98.7
2.1
81.9
16.1
4.9
24.5
35.7
140.0
7.7
20.3
140.0
18.9
2.1
76.3
80.5
6.3
16.1
18.9
9.1
140.0
140.0
6.3
11.9
7.7
16.1
84.7
13.3
23.1
69.3
10.5
28.7
27.3
6.3
59.5
140.0
31.5
10.5
46.9
10.5
11.9
7.7
2.1
49.7
81.9
17.5
53.9
3.5
18.9
140.0
14.7
10.5
84.7
30.1
10.5
58.1
38.5
20.3
4.9
140.0
140.0
31.5
11.9
9.1
140.0
140.0
112.7
7.7
41.3
37.1
20.3
16.1
8.05
1.05
85.05
5.25
124.25
140.0
55.65
78.05
10.85
12.25
16.45
19.25
1.05
1.05
6.65
44.45
1.05
99.05
2.45
13.65
12.25
58.45
22.05
33.25
26.25
41.65
47.25
40.25
29.05
20.65
43.05
16.45
24.85
17.85
9.45
58.45
16.45
38.85
47.25
22.05
3.85
111.65
2.45
34.65
15.05
103.25
140.0
45.85
140.0
22.05
13.65
50.05
9.45
29.05
82.25
22.05
54.25
140.0
140.0
31.85
62.65
13.65
118.65
47.25
1.05
16.45
50.05
93.45
43.05
2.45
58.45
2.45
140.0
106.05
1.05
69.65
140.0
96.25
6.65
38.85
27.65
10.85
140.0
50.05
3.85
54.25
69.65
140.0
140.0
140.0
34.65
140.0
140.0
33.25
140.0
79.45
5.25
129.85
33.25
13.65
72.45
12.25
140.0
140.0
64.05
71.05
43.05
23.45
140.0
86.45
51.45
44.45
34.65
45.85
64.05
140.0
19.25
41.65
48.65
87.85
120.05
140.0
16.45
8.05
19.25
140.0
19.25
5.25
82.25
2.45
1.05
3.85
71.05
5.25
3.85
93.45
8.05
44.45
82.25
8.05
1.05
117.25
140.0
64.05
33.25
55.65
15.05
27.65
9.45
15.05
41.65
59.85
2.45
27.65
13.65
20.65
140.0
3.85
140.0
5.25
5.25
2.45
140.0
12.25
5.25
3.85
10.85
3.85
2.45
2.45
113.05
140.0
5.25
140.0
41.65
13.65
17.85
140.0
2.45
48.65
10.85
82.25
12.25
8.05
1.05
140.0
1.05
6.65
40.25
140.0
17.85
51.45
43.05
16.45
3.85
26.25
3.85
33.25
50.05
10.85
12.25
31.85
5.25
17.85
106.05
26.25
12.25
140.0
5.25
140.0
5.25
8.05
22.05
2.45
5.25
27.65
41.65
140.0
23.45
12.25
40.25
10.85
64.05
17.85
140.0
5.25
27.65
19.25
75.25
54.25
8.05
3.85
16.45
69.65
9.45
38.85
16.45
54.25
79.45
41.65
86.45
140.0
2.45
58.45
5.25
79.45
140.0
10.85
50.05
73.85
22.05
5.25
5.25
10.85
16.45
8.05
5.25
26.25
85.05
10.85
140.0
12.25
9.45
13.65
13.65
3.85
13.65
125.65
1.05
20.65
6.65
124.25
140.0
9.45
52.85
94.85
16.45
8.05
6.65
55.65
140.0
40.25
40.25
43.05
22.05
36.05
43.05
38.85
9.45
17.85
6.65
36.05
13.65
54.25
5.25
100.45
101.85
5.25
48.65
10.85
15.05
30.45
140.0
140.0
10.85
8.05
99.05
27.65
57.05
140.0
10.85
38.85
15.05
22.05
8.05
40.25
13.65
17.85
30.45
29.05
71.05
24.85
50.05
10.85
43.05
64.05
16.45
5.25
55.65
140.0
140.0
5.25
10.85
10.85
38.85
6.65
5.25
30.45
3.85
19.25
19.25
73.85
96.25
140.0
22.05
23.45
8.05
6.65
140.0
12.25
54.25
58.45
17.85
140.0
8.05
140.0
2.45
9.45
13.65
16.45
38.85
19.25
10.85
41.65
23.45
12.25
83.65
140.0
30.45
140.0
19.25
140.0
8.05
140.0
55.65
113.05
140.0
140.0
55.65
36.05
140.0
140.0
3.85
40.25
16.45
47.25
140.0
19.25
140.0
80.85
1.05
26.25
5.25
6.65
30.45
140.0
10.85
69.65
2.45
3.85
140.0
140.0
9.45
54.25
31.85
29.05
33.25
10.85
2.45
6.65
12.25
140.0
111.65
140.0
140.0
23.45
31.85
19.25
17.85
13.65
125.65
20.65
140.0
6.65
5.25
140.0
8.05
12.25
10.85
6.65
3.85
44.45
52.85
48.65
13.65
71.05
5.25
31.85
6.65
12.25
34.65
5.25
31.85
22.05
1.05
62.65
13.65
13.65
6.65
27.65
140.0
20.65
62.65
65.45
140.0
13.65
55.65
113.05
2.45
40.25
47.25
29.05
23.45
51.45
5.25
36.05
1.05
9.45
59.85
17.85
140.0
10.85
30.45
58.45
10.85
31.85
57.05
140.0
19.25
68.25
38.85
5.25
3.85
59.85
22.05
61.25
140.0
1.05
140.0
140.0
33.25
20.65
6.65
36.05
6.65
5.25
31.85
22.05
111.65
55.65
10.85
20.65
140.0
140.0
71.05
3.85
140.0
31.85
3.85
8.05
19.25
47.25
140.0
24.85
78.05
10.85
51.45
13.65
12.25
55.65
6.65
111.65
140.0
41.65
17.85
65.45
140.0
140.0
33.25
16.45
140.0
140.0
92.05
38.85
140.0
140.0
16.45
140.0
90.65
36.05
79.45
6.65
17.85
3.85
87.85
140.0
92.05
10.85
26.25
22.05
140.0
41.65
48.65
23.45
9.45
140.0
8.05
19.25
51.45
9.45
24.85
140.0
5.25
92.05
19.25
68.25
1.05
140.0
9.45
15.05
13.65
19.25
22.05
86.45
51.45
29.05
140.0
34.65
76.65
16.45
140.0
38.85
31.85
13.65
140.0
13.65
52.85
9.45
40.25
51.45
31.85
92.05
140.0
140.0
111.65
55.65
140.0
16.45
140.0
10.85
140.0
140.0
41.65
12.25
9.45
5.25
41.65
140.0
37.45
73.85
43.05
12.25
26.25
3.85
37.45
54.25
9.45
12.25
9.45
117.25
140.0
140.0
113.05
29.05
125.65
9.45
16.45
140.0
124.25
27.65
69.65
8.05
140.0
3.85
3.85
10.85
140.0
51.45
2.45
50.05
2.45
9.45
9.45
38.85
8.05
140.0
19.25
8.75
47.95
42.35
3.15
36.75
0.35
14.35
22.75
18.55
140.0
18.55
3.15
7.35
3.15
26.95
8.75
5.95
10.15
80.15
75.95
63.35
1.75
4.55
14.35
140.0
80.15
14.35
10.15
59.15
56.35
52.15
14.35
31.15
70.35
14.35
19.95
98.35
8.75
24.15
5.95
102.55
7.35
18.55
11.55
11.55
14.35
46.55
26.95
140.0
7.35
29.75
4.55
140.0
36.75
36.75
28.35
1.75
22.75
36.75
140.0
5.95
5.95
1.75
10.15
8.75
68.95
8.75
14.35
140.0
24.15
28.35
95.55
102.55
42.35
42.35
81.55
8.75
8.75
4.55
5.95
17.15
26.95
1.75
3.15
140.0
22.75
10.15
12.95
25.55
28.35
140.0
50.75
140.0
21.35
8.75
15.75
7.35
28.35
45.15
31.15
10.15
7.35
3.15
36.75
45.15
57.75
17.15
15.75
8.75
5.95
3.15
29.75
140.0
140.0
11.55
15.75
49.35
15.75
45.15
140.0
8.75
35.35
4.55
140.0
38.15
26.95
12.95
15.75
5.95
29.75
140.0
4.55
77.35
8.75
26.95
18.55
1.75
8.75
98.35
10.15
8.75
101.15
78.75
12.95
140.0
140.0
10.15
140.0
140.0
14.35
5.95
29.75
105.35
3.15
12.95
28.35
28.35
63.35
21.35
12.95
98.35
49.35
8.75
140.0
18.55
140.0
140.0
18.55
66.15
32.55
43.75
10.15
140.0
35.35
49.35
1.75
101.15
140.0
12.95
42.35
10.15
12.95
36.75
22.75
4.55
11.55
123.55
11.55
140.0
12.95
3.15
1.75
140.0
25.55
71.75
53.55
5.95
140.0
81.55
8.75
59.15
5.95
25.55
32.55
12.95
56.35
5.95
67.55
7.35
12.95
64.75
15.75
3.15
112.35
45.15
28.35
40.95
1.75
33.95
140.0
46.55
115.15
4.55
3.15
3.15
22.75
28.35
66.15
14.35
36.75
140.0
28.35
53.55
21.35
57.75
140.0
26.95
14.35
87.15
4.55
32.55
19.95
43.75
140.0
140.0
64.75
66.15
140.0
24.15
28.35
12.95
140.0
40.95
140.0
73.15
39.55
10.15
8.75
5.95
29.75
7.35
4.55
15.75
10.15
10.15
22.75
56.35
15.75
140.0
18.55
45.15
11.55
36.75
129.15
43.75
5.95
18.55
21.35
8.75
140.0
21.35
40.95
140.0
7.35
36.75
15.75
140.0
140.0
68.95
140.0
140.0
66.15
140.0
59.15
29.75
140.0
18.55
19.95
8.75
7.35
14.35
5.95
11.55
10.15
29.75
77.35
45.15
77.35
85.75
32.55
53.55
140.0
95.55
15.75
102.55
12.95
5.95
7.35
25.55
127.75
140.0
17.15
26.95
21.35
36.75
50.75
7.35
4.55
31.15
32.55
50.75
8.75
38.15
140.0
61.95
12.95
15.75
99.75
25.55
21.35
8.75
35.35
49.35
19.95
35.35
140.0
71.75
11.55
22.75
47.95
0.35
7.35
8.75
21.35
140.0
