98
28
14
98
10
98
9
31
35
98
74
22
3
3
98
98
98
33
59
98
98
98
20
89
98
98
18
38
98
19
98
98
98
9
98
4
82
98
64
2
25
5
98
65
28
68
98
98
12
3
56
98
98
98
29
18
8
4
98
98
98
5
26
98
98
54
8
98
90
98
50
43
2
98
25
64
22
98
20
67
40
26
98
98
9
98
18
24
98
98
1
8
98
24
98
5
98
55
98
11
85
6
10
98
6
98
98
64
98
98
16
35
32
28
2
59
6
98
5
5
53
8
59
15
60
98
70
57
98
98
98
3
10
22
98
7
14
4
37
94
8
73
3
30
28
36
41
2
28
98
18
98
24
26
98
17
88
98
14
8
98
98
1
58
2
7
98
3
5
4
98
22
20
98
20
0
2
3
83
2
98
19
12
98
66
5
4
98
98
2
41
3
7
5
7
48
7
98
2
57
56
13
39
98
3
26
98
4
13
98
98
76
4
66
98
4
2
96
53
98
30
98
70
4
98
98
98
7
14
7
15
22
29
16
98
2
30
98
42
98
98
15
2
10
95
4
98
3
98
98
86
52
2
17
1
98
6
98
10
98
2
15
98
13
3
89
11
4
7
38
6
7
16
98
3
98
33
28
2
75
13
98
1
12
6
98
64
97
4
98
98
8
98
3
98
32
98
10
18
8
6
14
3
43
2
98
28
3
2
43
16
42
98
8
49
31
12
71
15
98
7
11
45
15
67
40
2
98
1
3
1
28
96
98
40
77
98
36
17
98
92
4
16
9
58
98
98
98
98
2
98
2
7
98
98
4
4
1
98
2
37
9
3
94
5
2
98
98
98
98
98
98
4
5
98
2
4
6
25
10
46
10
2
2
9
60
98
98
98
52
2
98
13
2
98
5
6
20
2
98
98
2
3
4
5
3
2
2
7
5
27
3
15
98
98
19
3
13
22
98
4
34
2
98
2
2
98
53
26
2
36
4
14
98
91
98
28
41
12
98
4
5
98
98
9
31
6
3
61
11
2
98
46
98
1
98
9
30
5
98
10
98
98
12
4
98
98
7
98
2
98
5
2
2
2
56
98
3
8
2
21
24
5
98
98
26
98
4
91
21
6
98
37
98
6
23
2
98
10
98
32
2
3
16
14
5
35
12
98
98
98
0
3
2
98
23
84
4
3
98
98
98
17
98
98
0
2
64
73
12
17
5
8
2
7
98
7
2
2
2
33
4
98
26
98
98
98
3
98
98
2
21
98
98
98
1
23
47
3
1
2
4
21
5
98
4
16
42
80
1
9
98
15
76
94
98
3
8
2
98
2
98
98
69
10
98
2
6
98
58
98
2
22
98
3
2
48
30
30
98
4
98
32
98
98
98
98
5
2
25
9
34
48
2
6
14
1
98
2
83
3
9
98
46
4
98
81
98
65
98
21
21
10
40
5
3
43
81
2
7
98
98
15
83
98
81
6
1
98
2
98
3
98
12
98
3
16
6
98
13
6
98
98
31
39
98
11
3
98
7
5
98
18
3
98
98
7
13
68
98
98
22
16
4
8
20
98
98
1
98
3
6
8
86
98
28
98
42
4
17
73
98
98
98
2
98
98
6
3
4
61
98
7
7
13
5
42
2
42
98
98
98
59
16
98
98
3
19
2
92
66
98
13
41
4
15
98
7
16
98
12
7
8
98
4
7
98
1
0
25
10
25
14
56
98
98
98
3
56
25
98
5
98
98
2
10
98
6
58
4
8
18
98
4
10
98
26
98
3
98
66
24
98
6
5
98
7
98
98
45
44
5
20
96
94
6
2
45
5
2
98
40
6
18
55
2
2
50
98
11
98
13
94
90
79
98
4
98
11
8
6
98
46
98
2
11
59
91
4
24
9
43
22
67
98
4
8
67
21
98
3
1
98
6
34
35
4
3
35
98
13
5
3
6
2
32
3
5
98
57
8
98
12
