2.1
2.1
0.7
140.0
7.7
140.0
10.5
21.7
51.1
0.7
0.7
23.1
4.9
20.3
58.1
6.3
3.5
2.1
6.3
2.1
41.3
23.1
0.7
4.9
3.5
4.9
2.1
53.9
6.3
42.7
10.5
11.9
0.7
25.9
3.5
0.7
0.7
0.7
3.5
2.1
91.7
6.3
9.1
2.1
3.5
10.5
4.9
2.1
13.3
2.1
4.9
13.3
38.5
11.9
6.3
30.1
3.5
7.7
115.5
24.5
27.3
37.1
4.9
7.7
4.9
9.1
10.5
6.3
140.0
140.0
140.0
45.5
140.0
7.7
140.0
21.7
9.1
10.5
2.1
9.1
3.5
67.9
140.0
140.0
2.1
2.1
24.5
7.7
2.1
4.9
2.1
6.3
11.9
63.7
21.7
28.7
140.0
0.7
3.5
11.9
7.7
0.7
24.5
4.9
2.1
58.1
7.7
140.0
34.3
140.0
6.3
140.0
20.3
140.0
9.1
23.1
2.1
20.3
34.3
10.5
4.9
7.7
84.7
27.3
4.9
16.1
9.1
140.0
13.3
108.5
10.5
0.7
6.3
3.5
4.9
35.7
100.1
3.5
6.3
2.1
27.3
6.3
2.1
9.1
21.7
34.3
140.0
2.1
140.0
140.0
67.9
0.7
140.0
0.7
140.0
16.1
17.5
13.3
4.9
0.7
9.1
0.7
11.9
0.7
21.7
0.7
3.5
17.5
11.9
2.1
38.5
6.3
17.5
7.7
3.5
28.7
39.9
3.5
3.5
140.0
6.3
7.7
6.3
3.5
7.7
4.9
0.7
2.1
10.5
10.5
4.9
6.3
7.7
3.5
6.3
2.1
21.7
9.1
18.9
18.9
140.0
3.5
37.1
140.0
4.9
94.5
65.1
20.3
2.1
0.7
3.5
2.1
2.1
3.5
6.3
4.9
2.1
73.5
6.3
66.5
0.7
13.3
105.7
140.0
37.1
2.1
2.1
13.3
2.1
25.9
2.1
3.5
17.5
140.0
94.5
140.0
21.7
140.0
35.7
6.3
3.5
10.5
0.7
0.7
3.5
24.5
4.9
140.0
2.1
7.7
53.9
140.0
21.7
79.1
0.7
6.3
140.0
45.5
20.3
3.5
53.9
7.7
2.1
41.3
16.1
9.1
2.1
63.7
14.7
2.1
38.5
81.9
4.9
140.0
3.5
2.1
69.3
3.5
4.9
13.3
2.1
2.1
140.0
9.1
23.1
45.5
17.5
0.7
10.5
41.3
31.5
13.3
38.5
10.5
48.3
25.9
28.7
2.1
140.0
52.5
13.3
2.1
140.0
4.9
7.7
140.0
39.9
140.0
2.1
41.3
35.7
6.3
14.7
10.5
3.5
9.1
18.9
2.1
140.0
4.9
24.5
4.9
46.9
3.5
10.5
98.7
23.1
24.5
6.3
4.9
9.1
140.0
140.0
9.1
3.5
7.7
4.9
77.7
35.7
69.3
9.1
2.1
3.5
2.1
34.3
4.9
7.7
140.0
0.7
23.1
2.1
63.7
62.3
7.7
58.1
39.9
105.7
2.1
20.3
3.5
0.7
2.1
7.7
140.0
4.9
16.1
140.0
140.0
17.5
2.1
140.0
0.7
6.3
140.0
140.0
9.1
4.9
9.1
7.7
3.5
2.1
79.1
7.7
3.5
46.9
2.1
3.5
140.0
0.7
0.7
21.7
2.1
10.5
35.7
20.3
140.0
3.5
2.1
9.1
88.9
21.7
20.3
16.1
2.1
21.7
7.7
14.7
122.5
10.5
140.0
140.0
59.5
3.5
140.0
65.1
16.1
16.1
6.3
3.5
67.9
6.3
88.9
80.5
53.9
83.3
0.7
140.0
2.1
6.3
9.1
90.3
140.0
0.7
108.5
39.9
35.7
9.1
4.9
30.1
2.1
7.7
55.3
6.3
69.3
44.1
6.3
37.1
3.5
13.3
13.3
9.1
2.1
0.7
10.5
0.7
140.0
0.7
140.0
9.1
7.7
84.7
49.7
2.1
140.0
44.1
10.5
21.7
140.0
0.7
28.7
53.9
13.3
140.0
11.9
16.1
49.7
31.5
140.0
140.0
7.7
0.7
16.1
72.1
6.3
11.9
7.7
27.3
13.3
140.0
4.9
140.0
13.3
2.1
17.5
9.1
4.9
28.7
70.7
9.1
14.7
13.3
10.5
101.5
3.5
23.1
27.3
32.9
140.0
77.7
3.5
9.1
44.1
24.5
3.5
35.7
31.5
140.0
16.1
24.5
10.5
37.1
140.0
9.1
140.0
11.9
7.7
140.0
10.5
35.7
3.5
28.7
13.3
140.0
2.1
140.0
4.9
4.9
9.1
34.3
140.0
4.9
13.3
11.9
11.9
11.9
140.0
25.9
95.9
140.0
123.9
3.5
140.0
3.5
13.3
140.0
140.0
16.1
140.0
104.3
4.9
140.0
140.0
58.1
42.7
37.1
4.9
28.7
34.3
140.0
4.9
9.1
32.9
11.9
0.7
23.1
21.7
13.3
53.9
11.9
7.7
6.3
37.1
18.9
21.7
140.0
6.3
112.7
140.0
0.7
3.5
11.9
140.0
140.0
35.7
7.7
18.9
4.9
51.1
44.1
6.3
11.9
140.0
2.1
25.9
140.0
3.5
4.9
6.3
4.9
140.0
18.9
140.0
140.0
21.7
25.9
3.5
140.0
140.0
55.3
28.7
6.3
2.1
140.0
140.0
10.5
18.9
58.1
7.7
105.7
6.3
140.0
53.9
35.7
140.0
140.0
140.0
17.5
25.9
42.7
3.5
10.5
2.1
52.5
6.3
140.0
140.0
140.0
24.5
140.0
140.0
24.5
74.9
140.0
11.9
20.3
37.1
62.3
45.5
90.3
13.3
2.1
6.3
4.9
66.5
140.0
4.9
140.0
2.1
20.3
14.7
140.0
44.1
6.3
16.1
4.9
123.9
7.7
34.3
27.3
24.5
18.9
13.3
140.0
10.5
140.0
4.9
140.0
38.5
62.3
38.5
17.5
9.1
4.9
10.5
0.7
10.5
91.7
7.7
70.7
11.9
10.5
46.9
0.7
56.7
105.7
6.3
6.3
81.9
3.5
9.1
7.7
140.0
9.1
0.7
6.3
14.7
2.1
140.0
21.7
39.9
2.1
18.9
25.9
7.7
140.0
34.3
4.9
9.1
27.3
14.7
76.3
6.3
6.3
18.9
66.5
10.5
10.5
53.9
140.0
6.3
140.0
70.7
70.7
17.5
6.3
0.7
23.1
34.3
140.0
140.0
14.7
91.7
9.1
18.9
6.3
21.7
32.9
121.1
7.7
14.7
4.9
69.3
118.3
17.5
140.0
21.7
2.1
140.0
101.5
76.3
13.3
140.0
122.5
7.7
6.3
10.5
114.1
2.1
140.0
7.7
80.5
74.9
55.3
21.7
3.5
2.1
140.0
23.1
44.1
95.9
24.5
48.3
0.7
140.0
20.3
46.9
58.1
140.0
10.5
7.7
10.5
140.0
23.1
140.0
13.3
140.0
45.5
73.5
3.5
9.1
140.0
2.1
70.7
3.5
4.9
7.7
10.5
14.7
4.9
140.0
101.5
13.3
25.9
7.7
140.0
4.9
35.7
58.1
20.3
87.5
38.5
52.5
20.3
140.0
107.1
140.0
7.7
140.0
140.0
7.7
7.7
18.9
14.7
0.7
24.5
140.0
2.1
13.3
2.1
13.3
18.9
6.3
7.7
56.7
11.9
45.5
2.1
93.1
16.1
13.3
44.1
9.1
53.9
140.0
140.0
24.5
17.5
18.9
65.1
7.7
94.5
119.7
20.3
17.5
35.7
3.5
140.0
3.5
140.0
140.0
140.0
140.0
140.0
11.9
0.7
28.7
55.3
140.0
6.3
11.9
140.0
17.5
6.3
140.0
14.7
73.5
10.5
9.1
18.9
140.0
3.5
13.3
140.0
6.3
13.3
140.0
28.7
140.0
140.0
13.3
3.5
20.3
24.5
39.9
44.1
3.5
140.0
2.1
6.3
18.9
67.9
9.1
10.5
20.3
18.9
2.1
140.0
7.7
4.9
140.0
67.9
3.5
2.1
35.7
10.5
58.1
31.5
4.9
2.1
9.1
2.1
140.0
53.9
30.1
53.9
0.7
140.0
6.3
140.0
11.9
18.9
2.1
13.3
4.9
3.5
2.1
9.1
4.9
2.1
140.0
2.1
6.3
31.5
44.1
6.3
9.1
21.7
24.5
6.3
30.1
4.9
6.3
3.5
2.1
55.3
6.3
10.5
3.5
14.7
13.3
66.5
9.1
27.3
7.7
6.3
2.1
16.1
10.5
4.9
9.1
6.3
2.1
13.3
9.1
9.1
14.7
59.5
31.5
3.5
73.5
2.1
140.0
140.0
2.1
48.3
3.5
140.0
20.3
3.5
11.9
6.3
11.9
3.5
4.9
4.9
4.9
3.5
38.5
4.9
66.5
2.1
13.3
4.9
0.7
140.0
9.1
2.1
140.0
4.9
2.1
9.1
140.0
4.9
6.3
11.9
140.0
13.3
4.9
3.5
3.5
4.9
6.3
4.9
55.3
3.5
9.1
58.1
3.5
3.5
0.7
140.0
2.1
6.3
13.3
13.3
74.9
59.5
53.9
7.7
16.1
3.5
9.1
25.9
3.5
10.5
0.7
140.0
4.9
2.1
140.0
21.7
10.5
37.1
2.1
91.7
41.3
6.3
4.9
6.3
3.5
140.0
140.0
3.5
3.5
18.9
20.3
91.7
3.5
27.3
16.1
70.7
140.0
25.9
25.9
3.5
91.7
7.7
9.1
20.3
17.5
94.5
0.7
3.5
4.9
55.3
14.7
2.1
25.9
140.0
2.1
2.1
23.1
3.5
