14
5
5
3
62
98
98
83
33
98
4
3
22
7
2
11
82
24
10
37
98
60
6
21
98
19
4
9
46
20
98
98
37
4
16
98
98
47
11
73
98
39
17
6
77
98
16
33
60
98
33
5
98
98
11
86
8
98
57
98
48
11
49
7
98
98
17
16
7
51
98
11
32
2
6
5
98
74
19
56
98
13
98
7
98
6
2
29
12
64
73
4
98
98
17
8
5
98
98
98
35
43
15
15
98
4
98
77
98
24
79
26
86
8
98
7
98
19
98
50
98
6
88
6
98
24
80
28
98
2
2
4
3
73
98
51
13
30
65
98
6
18
16
6
98
98
10
15
3
4
19
98
98
12
8
2
6
98
16
22
8
98
13
98
32
15
6
30
98
85
31
12
8
24
19
45
8
98
7
12
22
15
98
57
53
79
6
2
4
98
12
98
31
98
98
16
98
55
98
98
82
4
98
7
98
9
98
14
34
37
6
98
75
27
6
88
82
43
98
28
50
27
98
25
9
98
74
98
17
14
2
9
18
22
5
41
98
5
7
98
6
3
36
20
86
48
64
98
98
98
3
4
98
98
24
12
17
54
98
29
98
9
4
40
26
98
21
98
29
64
7
67
24
3
98
18
98
20
9
44
27
19
30
31
25
29
39
3
98
55
27
98
5
98
5
36
7
92
3
98
4
98
2
98
98
69
42
39
92
8
16
32
12
6
98
98
7
25
10
65
98
98
21
26
61
23
98
43
98
59
39
18
3
98
46
49
98
78
4
20
1
98
9
2
6
7
98
94
9
8
93
73
19
6
2
10
98
15
33
98
98
13
23
28
7
7
26
98
7
53
20
90
98
98
98
78
18
4
6
14
6
15
98
98
98
71
13
31
80
8
5
12
3
98
63
98
82
11
14
98
4
10
98
18
49
14
58
4
3
3
3
98
42
98
23
20
31
10
98
98
20
2
66
9
98
14
5
44
25
98
98
5
30
2
10
9
5
34
6
13
98
98
3
97
60
50
85
8
36
4
16
47
98
47
28
72
43
98
98
19
26
6
98
83
8
98
58
9
29
80
33
2
51
12
78
36
26
2
9
53
6
98
29
98
98
6
18
98
31
7
98
50
80
9
33
91
9
7
39
98
87
83
5
24
23
6
20
98
98
58
26
98
98
47
7
5
3
10
23
25
98
29
23
7
30
98
27
98
17
5
25
11
23
98
18
98
95
98
0
24
98
2
98
98
14
98
98
5
98
16
0
48
68
7
47
35
28
14
98
75
52
34
2
8
17
12
32
45
98
19
15
21
7
98
31
11
24
12
6
8
87
2
39
98
4
12
98
19
98
98
9
20
3
98
7
98
40
84
10
2
98
7
94
13
21
98
71
17
5
9
70
19
61
37
98
43
98
7
98
39
74
24
18
11
7
65
98
9
1
60
3
98
60
71
13
6
98
2
18
28
98
98
12
9
22
9
2
98
8
95
11
20
13
65
7
62
16
6
25
86
98
62
6
98
7
40
4
98
4
40
8
9
98
2
42
9
83
98
98
4
3
8
9
5
11
7
4
3
98
5
72
98
98
45
5
10
25
3
63
98
98
35
62
22
24
5
10
8
5
27
26
12
54
7
98
10
71
12
4
11
4
6
98
31
72
14
98
51
92
12
98
11
11
98
98
6
98
15
34
5
16
84
6
12
80
1
2
98
20
21
57
25
28
19
20
10
73
22
98
98
98
6
5
88
98
6
48
98
8
59
98
6
70
98
98
3
9
23
56
38
5
98
11
11
63
98
13
8
10
40
98
98
29
65
5
98
89
60
36
15
98
2
6
39
43
11
21
78
74
9
12
12
18
12
20
28
12
34
3
98
11
23
10
6
98
12
11
5
22
98
3
2
34
1
98
2
3
26
11
98
98
7
38
5
98
18
25
20
16
45
12
23
3
18
9
4
23
98
98
57
5
3
10
11
4
51
98
27
74
38
4
8
59
5
23
25
98
98
15
98
18
98
12
9
46
18
14
3
5
4
10
98
15
43
41
98
7
9
20
32
48
4
8
10
2
10
98
98
7
8
46
21
26
3
4
98
97
3
7
98
17
98
98
3
9
10
8
11
20
81
8
98
51
23
18
26
5
30
17
98
2
49
62
2
98
6
23
77
37
98
98
6
61
98
7
11
13
6
98
54
14
43
10
28
2
42
8
98
4
4
27
24
98
5
49
98
98
98
5
7
5
98
98
98
31
7
4
61
98
98
98
75
12
80
6
79
98
65
5
31
10
5
49
53
98
98
13
98
4
8
27
72
88
22
3
5
5
15
20
34
6
8
1
98
12
9
28
4
17
25
98
98
98
18
0
5
2
4
15
48
98
8
5
98
4
63
62
2
6
98
33
98
11
73
22
5
5
8
8
5
96
32
65
48
98
69
98
23
98
98
5
8
32
4
17
9
16
5
66
35
4
8
40
2
98
22
11
93
20
2
32
5
98
98
30
98
7
12
44
34
2
98
51
98
98
7
40
12
32
25
98
98
4
6
98
98
6
7
83
5
33
4
98
40
7
25
23
5
98
17
98
98
91
12
9
24
82
29
38
20
8
7
57
5
98
10
11
8
11
9
38
98
60
35
8
98
4
24
37
92
10
98
5
51
98
14
19
98
2
81
8
19
5
22
7
98
64
19
98
2
5
13
98
98
50
6
98
34
98
10
23
98
5
9
10
70
12
37
98
26
40
2
14
98
9
2
28
98
37
5
23
19
18
3
5
82
1
21
4
55
5
56
9
98
19
98
13
4
2
7
13
21
26
96
98
37
98
26
3
17
94
80
98
5
98
3
98
98
36
38
98
66
20
98
45
72
27
3
98
98
6
26
10
26
62
13
74
5
98
36
52
49
98
4
8
24
8
74
92
39
6
32
3
14
9
64
98
98
19
60
98
11
33
98
8
98
3
2
2
10
46
98
5
66
15
98
6
98
3
1
29
78
73
6
4
98
56
30
20
4
98
11
4
5
12
21
4
7
98
44
98
98
7
16
98
24
21
8
3
6
15
98
98
6
9
48
98
98
98
28
98
29
20
7
12
14
69
98
2
17
12
98
98
98
54
4
20
98
11
39
29
9
8
83
36
22
98
5
2
38
8
98
98
2
6
12
98
2
2
5
20
3
98
6
4
68
12
38
92
7
1
98
5
73
70
49
5
6
4
98
20
6
21
10
12
98
37
5
14
5
98
31
30
98
46
19
2
14
98
98
2
98
98
98
8
57
10
3
15
98
98
8
11
98
14
98
67
78
6
98
25
74
11
98
6
81
22
2
28
2
12
42
18
14
98
98
73
98
3
9
49
7
3
98
8
7
4
28
98
10
98
40
11
49
82
36
5
98
47
18
98
22
14
9
53
12
87
54
52
26
13
24
71
41
98
98
15
98
56
3
98
17
4
4
98
5
18
98
8
56
2
4
98
70
29
27
5
21
3
2
7
4
9
6
98
43
4
3
2
5
50
11
98
50
98
19
6
98
7
29
31
26
7
12
98
6
5
21
11
5
82
51
8
6
12
25
15
3
20
31
8
10
2
14
13
21
12
62
98
3
98
16
98
3
10
0
98
3
98
8
29
9
37
98
98
64
98
8
5
98
98
12
98
98
3
29
98
98
13
29
22
98
10
43
7
54
7
98
3
41
98
33
98
4
31
6
56
98
26
98
6
9
19
6
14
83
5
89
98
2
14
6
98
7
74
3
7
98
24
98
5
27
75
98
8
64
2
98
95
42
4
98
8
5
4
11
5
98
27
3
5
10
97
22
30
36
13
24
25
5
8
18
98
25
58
3
98
14
24
7
98
13
4
2
59
12
19
3
7
7
6
98
3
98
2
98
72
3
18
27
14
3
5
98
98
98
7
3
19
98
37
9
12
98
10
98
11
20
98
60
98
25
14
1
98
4
98
6
10
28
15
5
54
72
98
18
5
97
35
98
8
47
8
8
4
71
17
98
22
98
7
3
19
28
15
8
55
33
57
3
33
26
12
5
8
12
16
98
3
4
98
7
6
20
2
98
98
2
4
5
98
81
98
7
5
15
14
3
43
22
64
8
17
29
5
98
6
98
98
66
42
52
7
16
7
13
40
12
7
98
98
98
61
53
2
98
62
98
90
42
25
2
6
98
8
20
14
98
4
29
34
6
11
95
7
54
98
19
98
98
28
35
6
98
9
10
2
98
36
20
2
98
8
3
98
98
4
38
32
10
98
6
4
69
6
8
8
17
98
98
98
44
98
4
1
4
98
98
98
15
9
40
9
98
31
10
98
98
9
5
98
28
2
98
24
12
9
98
27
62
98
34
22
23
1
13
3
6
11
2
45
7
51
15
4
98
5
98
66
2
98
98
6
19
21
2
2
55
98
98
6
4
18
7
3
11
21
38
80
98
1
10
84
17
12
98
98
1
98
11
8
57
23
98
6
4
11
41
98
3
3
5
91
2
98
4
50
14
94
98
98
74
85
23
12
4
2
7
24
27
33
3
83
98
5
15
4
36
14
5
65
98
5
30
57
10
98
98
98
3
26
13
54
7
45
98
13
98
19
2
98
39
7
27
3
98
4
3
98
2
2
98
2
19
98
79
31
2
9
98
81
19
98
98
30
7
6
11
2
20
98
15
44
98
10
2
13
7
5
36
5
33
98
98
18
21
98
5
98
25
6
95
98
7
2
26
6
4
11
5
98
29
98
6
2
10
6
7
90
18
98
10
1
69
5
30
19
2
20
98
3
98
13
7
15
33
5
98
98
98
45
6
98
3
5
12
7
8
23
10
10
7
57
98
5
11
12
19
14
58
12
2
57
15
98
25
64
65
28
98
3
98
98
65
2
10
3
87
9
98
21
3
5
98
10
9
1
59
3
60
53
98
47
80
98
98
14
3
49
2
57
17
2
14
17
98
10
66
64
42
1
14
11
6
98
75
4
5
98
5
13
98
38
12
98
34
2
7
26
98
12
10
25
98
23
23
3
2
5
4
16
98
17
8
98
30
17
14
98
98
7
24
33
8
3
10
41
6
5
98
35
88
5
24
3
19
4
9
5
7
98
98
8
14
98
4
42
6
47
65
50
57
5
7
98
31
75
4
90
6
98
17
5
9
7
37
35
35
10
9
26
33
18
39
98
98
12
98
22
6
7
32
5
5
5
20
5
98
98
98
6
2
8
79
98
5
11
81
98
8
11
30
83
68
3
57
10
2
64
6
34
8
98
7
4
27
6
6
15
47
13
3
91
25
10
5
5
56
5
6
19
98
32
52
29
30
84
21
98
98
5
8
17
67
98
98
80
53
35
98
98
98
98
98
44
73
98
98
40
8
98
19
1
98
11
10
98
24
45
98
98
3
23
98
98
36
59
98
4
98
3
6
98
13
3
42
98
21
6
15
6
5
98
47
7
40
14
46
5
21
7
3
98
98
3
38
2
6
6
2
2
2
27
4
11
98
98
30
11
69
5
7
22
98
9
4
15
98
98
5
8
7
23
9
14
10
22
8
98
5
5
21
98
11
2
98
12
98
1
3
4
8
81
98
98
57
98
97
5
98
51
10
98
10
4
98
3
2
98
59
98
8
11
98
16
16
29
43
15
13
98
3
21
98
49
8
23
16
2
3
98
32
9
98
58
90
98
11
25
2
8
7
2
15
10
98
38
44
85
6
19
98
38
28
83
15
98
71
15
16
5
18
18
98
8
16
6
50
28
11
23
98
66
2
24
1
3
2
98
6
98
98
6
98
9
49
56
3
8
5
2
2
6
98
3
98
8
4
12
6
98
52
11
26
91
20
57
98
17
3
6
17
2
5
22
13
17
9
6
22
24
6
45
48
13
6
26
14
35
98
5
98
8
19
37
98
98
43
80
98
9
7
6
98
98
48
2
2
8
4
68
98
98
32
73
5
20
47
9
98
27
3
2
83
74
98
3
7
14
5
13
10
9
7
10
24
26
7
14
65
30
69
24
16
2
4
12
3
38
1
7
80
98
39
16
6
98
12
11
98
4
65
98
15
76
15
88
16
98
5
65
2
98
6
7
98
5
98
17
19
4
22
45
41
27
98
15
1
18
98
98
36
11
13
34
98
6
2
23
2
51
98
88
85
1
3
98
2
98
18
63
98
7
5
8
53
19
9
55
8
2
8
47
27
69
69
80
19
6
15
40
92
5
13
4
25
82
2
98
16
4
98
18
8
9
98
98
98
13
98
74
8
6
9
2
4
19
32
5
2
98
98
98
19
16
