9
5
98
19
27
1
20
22
17
2
11
68
98
2
98
9
22
98
6
2
98
4
5
4
10
98
3
7
4
98
7
2
11
4
2
5
9
3
3
21
1
6
7
77
4
10
75
27
3
29
4
39
42
6
11
7
34
2
3
8
5
8
16
1
9
98
9
46
33
2
98
2
98
98
21
26
5
2
8
2
53
5
4
2
5
4
3
31
18
6
9
98
16
85
33
42
11
11
3
1
3
29
15
3
98
2
84
98
29
7
98
3
13
3
2
2
59
1
12
6
9
5
9
70
4
4
4
3
48
98
3
26
8
2
6
3
3
2
9
7
3
98
11
18
10
10
4
98
63
2
13
53
4
6
8
98
98
98
2
2
41
98
47
10
4
15
7
17
98
98
2
3
98
8
23
42
35
4
22
27
7
10
16
6
3
45
3
12
50
10
8
11
11
1
88
3
12
65
8
12
5
98
8
8
5
98
4
25
98
98
14
15
50
66
5
9
19
13
98
98
9
98
61
57
98
3
14
18
2
3
3
9
30
13
10
3
4
8
98
1
3
12
11
98
26
1
7
4
98
5
13
73
14
28
2
8
9
25
98
98
98
63
12
52
3
98
4
2
2
98
98
12
98
98
3
46
6
13
2
11
23
93
98
3
7
98
9
4
5
8
13
8
6
2
3
11
12
68
4
11
9
9
27
14
40
28
2
9
9
98
14
98
9
1
4
18
6
15
45
1
14
6
18
14
31
16
98
4
6
9
17
12
7
