4
98
98
7
10
12
98
9
19
2
98
12
27
29
9
29
52
9
98
17
26
77
13
98
4
3
14
98
6
3
5
1
13
98
11
18
14
19
9
3
68
10
6
21
10
98
98
98
98
98
32
2
6
7
9
1
31
98
98
94
66
11
43
77
8
98
98
98
98
18
21
33
24
88
21
12
1
25
91
9
98
1
2
22
7
27
71
98
98
28
71
5
98
60
27
2
1
98
9
20
98
98
36
34
3
6
98
30
98
7
20
34
22
3
20
98
98
9
69
17
22
14
30
3
3
98
15
89
98
98
16
98
11
19
12
5
1
12
78
94
24
11
2
29
30
98
4
98
2
25
98
1
93
51
45
17
5
98
22
3
3
10
9
3
33
5
13
36
2
5
98
10
2
13
98
13
1
98
17
10
63
70
6
4
8
31
98
12
98
98
12
12
4
11
30
98
75
43
33
57
98
27
98
4
98
7
14
17
38
10
12
98
4
51
48
16
19
16
56
47
98
6
15
1
98
32
26
14
35
3
40
9
98
4
3
10
71
4
98
98
25
43
3
45
3
5
87
35
24
98
2
90
29
98
13
9
7
16
6
1
28
11
98
82
98
64
24
2
13
2
44
98
98
42
98
5
9
21
8
19
10
6
9
98
36
7
5
98
11
98
7
98
9
98
98
64
12
26
35
98
17
98
98
2
7
52
2
59
32
7
20
7
11
73
2
98
15
60
5
98
2
91
98
30
25
5
98
23
48
11
27
98
3
11
24
6
22
11
30
7
6
9
5
48
98
3
24
6
98
32
98
13
98
46
21
65
17
98
3
55
13
9
22
7
3
14
33
2
6
98
2
5
84
5
98
24
7
44
98
41
41
5
2
7
2
98
5
98
7
58
92
8
3
22
98
9
31
46
98
24
98
80
4
98
2
3
98
4
21
39
8
0
4
9
12
5
17
5
15
98
2
98
9
98
61
18
21
20
29
70
48
35
78
5
9
37
39
4
10
98
4
6
6
7
9
13
98
98
15
40
98
4
13
19
3
8
5
19
48
98
6
2
98
24
98
6
36
17
7
98
20
21
98
47
4
13
78
2
2
39
98
4
36
2
31
40
13
36
17
98
24
34
2
98
3
98
2
13
30
98
10
52
11
13
16
4
2
56
34
21
90
98
5
3
4
6
2
8
2
31
2
12
7
24
38
17
98
20
24
98
6
12
35
98
4
1
98
5
7
6
98
98
67
98
2
30
3
9
43
98
37
80
9
19
5
15
80
98
14
5
13
2
12
18
98
19
98
10
98
52
4
11
11
35
98
98
6
98
30
22
98
32
18
8
40
11
98
98
13
10
8
39
3
98
13
10
98
1
5
3
4
98
1
1
17
18
37
19
13
98
98
44
98
26
11
3
98
5
3
98
55
6
0
7
6
7
4
2
2
98
98
7
98
13
1
26
8
25
23
12
4
98
98
31
98
10
98
98
98
98
6
25
17
98
1
37
98
17
4
98
98
98
1
30
19
49
1
18
8
14
98
20
26
35
98
98
6
16
98
98
9
98
3
7
98
4
98
1
98
98
4
2
9
6
26
13
6
98
98
98
7
98
98
14
7
98
5
40
98
46
41
7
1
5
98
4
98
9
49
2
38
13
98
5
7
20
98
23
6
2
7
8
98
4
36
1
11
12
26
47
7
10
2
98
98
9
19
38
12
14
48
21
14
98
4
11
98
7
98
37
3
9
98
98
13
26
91
98
98
8
38
3
98
12
4
31
3
3
3
18
98
10
61
3
6
17
2
3
13
7
98
7
11
98
52
98
2
9
98
32
9
10
15
4
98
98
11
98
98
24
8
98
17
6
98
2
6
98
78
8
98
98
12
15
52
4
5
98
98
4
57
22
9
14
42
15
60
7
98
1
98
45
67
4
7
32
63
9
14
23
98
98
39
98
5
98
51
15
11
3
5
98
7
4
18
1
7
11
17
10
5
2
12
14
98
83
15
98
25
33
8
4
4
98
92
2
4
11
98
3
4
5
47
74
98
2
37
8
98
70
2
14
3
2
3
8
4
8
5
98
2
98
32
2
9
7
40
68
28
20
98
34
4
2
19
1
4
4
2
17
16
98
48
42
94
2
9
2
4
2
4
23
18
26
93
13
22
70
4
98
98
1
2
98
13
30
10
8
98
98
98
98
87
15
12
98
98
13
5
98
58
71
98
12
2
45
3
36
80
8
98
98
9
2
5
98
2
43
4
2
36
22
60
1
48
44
6
57
10
6
1
40
92
98
98
98
98
33
77
2
2
98
2
5
10
9
98
40
9
68
98
14
9
98
24
18
2
3
22
19
43
98
7
2
23
7
20
1
14
98
26
37
17
84
7
98
15
17
56
98
98
18
98
18
98
1
55
24
15
8
13
98
19
7
21
12
6
7
1
19
92
24
98
11
10
52
35
33
16
46
6
98
16
31
41
12
14
14
98
98
98
45
23
65
2
15
13
98
5
1
98
98
98
98
6
43
65
19
8
32
98
16
42
2
14
16
3
9
4
98
22
21
22
44
3
98
5
16
98
18
11
2
20
20
20
24
98
20
3
9
10
55
26
26
8
8
8
98
4
4
23
3
11
26
5
3
2
33
2
98
3
98
8
15
64
58
13
44
36
42
35
3
98
6
11
58
65
5
32
85
12
8
4
2
98
17
2
4
2
43
37
2
9
3
98
98
98
27
1
6
98
9
2
4
19
11
17
21
20
78
5
9
98
98
15
98
3
98
11
98
2
9
98
5
98
27
98
30
3
98
98
5
6
11
98
25
4
14
98
3
96
13
2
3
23
25
98
12
13
14
35
4
98
2
7
98
1
6
15
9
38
2
16
3
26
9
6
98
58
1
52
98
29
35
98
3
5
8
13
2
45
29
98
98
6
4
29
98
98
4
14
98
14
20
11
6
2
7
64
14
1
6
98
98
3
3
98
3
52
2
98
14
98
64
14
10
4
81
64
12
14
28
2
2
10
49
5
1
98
5
75
6
98
30
11
98
35
4
9
98
22
2
8
98
98
0
10
22
98
13
98
2
8
98
37
11
14
15
98
26
60
10
98
94
24
98
11
3
4
51
1
98
2
5
2
4
98
98
8
8
98
2
10
17
13
14
3
22
98
2
98
98
3
98
78
29
7
98
28
98
98
98
8
98
14
3
98
1
6
5
10
98
98
7
23
3
12
12
71
5
15
98
5
6
2
14
11
28
7
6
98
39
30
98
7
3
98
85
98
45
31
11
15
18
8
7
7
57
20
32
98
4
16
22
98
20
2
5
29
6
98
47
5
98
21
4
98
35
19
98
98
24
0
36
98
5
3
4
98
1
98
32
98
98
1
98
1
29
7
10
5
13
29
10
98
42
9
98
98
4
23
73
5
19
98
3
42
3
4
16
67
98
98
82
22
10
8
82
11
98
98
4
98
41
98
5
98
98
10
98
98
1
37
13
98
98
3
98
98
1
98
65
47
77
98
10
17
98
29
71
34
8
36
98
6
6
98
72
12
25
98
16
3
58
98
2
98
23
98
40
98
11
98
4
15
98
6
3
1
16
70
15
8
13
98
5
48
98
16
30
7
72
98
10
98
49
4
15
9
5
11
98
16
4
67
46
98
7
33
8
1
98
5
22
12
15
22
24
2
16
98
98
37
2
3
98
5
98
12
13
32
6
9
98
57
12
2
31
5
5
98
98
11
6
5
10
49
98
1
33
6
2
6
4
1
98
98
2
7
8
98
18
16
12
22
17
98
2
18
98
98
44
7
82
7
20
93
90
13
1
73
5
98
10
98
12
20
41
26
98
3
2
41
38
98
98
5
9
27
9
26
7
21
25
98
5
36
98
78
79
7
2
6
58
18
98
21
11
21
98
10
2
32
98
1
98
98
98
98
98
98
24
5
17
1
86
65
55
9
98
98
25
18
98
98
96
98
12
7
23
98
2
98
3
98
19
17
3
4
11
98
2
16
98
3
28
2
98
21
98
98
67
98
12
22
24
6
11
17
9
98
53
13
19
98
22
98
98
7
98
98
84
62
95
7
23
98
12
3
12
1
25
98
4
16
21
1
1
32
98
1
40
17
98
84
14
57
42
98
15
3
25
46
23
16
2
98
10
3
8
22
43
17
44
3
98
15
12
23
92
9
72
98
3
5
2
38
27
98
9
98
76
3
1
1
49
54
12
36
36
5
10
98
1
40
98
1
50
98
9
65
98
4
14
26
8
98
20
7
28
2
4
39
9
55
3
32
7
21
2
7
3
9
21
98
98
98
12
2
1
98
40
15
98
0
25
54
1
5
7
11
1
55
98
98
98
21
7
15
6
15
98
98
3
5
98
98
12
65
4
42
18
98
24
51
9
31
37
18
98
98
25
27
98
15
13
8
14
7
32
98
98
52
98
30
24
1
1
29
9
13
98
2
6
12
3
30
98
3
98
50
60
7
21
53
16
10
98
2
12
18
98
98
44
9
98
2
25
98
3
2
98
98
10
16
13
31
86
98
3
8
8
17
98
12
13
4
13
98
98
12
98
40
38
20
98
11
6
4
3
1
20
98
98
49
5
40
41
66
34
9
8
98
9
17
32
28
98
20
98
5
2
14
43
5
5
98
66
2
8
94
10
3
8
1
98
98
42
6
6
3
4
5
98
2
47
8
33
55
23
56
98
98
9
32
2
15
2
15
98
7
7
2
4
2
15
19
8
12
42
50
98
12
17
6
20
2
6
9
98
6
89
6
98
4
98
98
98
20
5
18
7
15
98
9
3
41
9
98
17
46
25
18
23
5
98
38
10
98
5
2
6
8
98
35
2
19
66
12
98
14
98
9
17
3
5
3
98
98
1
1
2
31
7
8
98
2
41
22
5
12
9
10
98
10
21
40
2
98
98
6
98
4
1
16
3
11
9
2
98
2
6
64
39
2
41
98
26
20
9
12
5
34
2
2
10
2
21
5
10
1
11
7
40
10
15
4
98
45
6
11
10
9
98
98
3
98
8
12
21
98
6
98
4
1
2
20
1
98
2
2
26
77
1
13
98
3
3
9
7
98
40
12
98
20
17
28
2
8
2
98
83
40
2
21
35
98
20
3
98
13
30
6
25
21
34
2
24
2
1
1
2
5
98
2
91
2
9
5
13
8
98
77
18
7
47
98
98
40
3
10
16
30
31
43
21
78
95
98
12
22
98
11
51
14
5
86
28
7
9
91
11
9
98
6
13
19
4
12
10
16
10
11
26
22
6
12
11
98
98
12
7
98
9
2
35
3
98
22
36
7
98
4
76
35
50
90
98
43
18
98
7
4
2
98
11
10
77
10
37
10
13
73
21
11
3
75
93
14
17
7
27
98
5
66
31
98
9
4
4
4
6
98
6
16
70
2
37
35
24
9
9
11
