4
4
7
3
98
6
2
5
2
7
61
25
98
26
21
2
86
61
95
62
8
2
34
98
4
2
5
2
13
20
2
5
24
21
3
8
11
98
3
98
98
57
9
24
2
12
98
2
24
28
10
98
98
11
31
98
98
92
2
58
10
65
22
9
22
98
14
98
84
6
2
2
10
33
98
46
25
17
65
5
27
2
1
98
16
14
36
12
3
6
14
18
6
98
98
13
98
30
17
18
98
6
73
3
4
72
58
81
37
18
14
65
98
5
2
84
98
19
2
24
8
3
2
9
96
98
79
3
4
2
13
98
6
3
5
98
5
98
7
13
80
2
5
3
10
3
53
10
13
2
5
10
98
18
98
36
6
98
98
27
7
98
52
24
11
55
57
36
44
7
70
81
15
16
8
4
23
45
12
4
76
3
4
98
50
6
9
98
2
13
98
98
22
4
5
2
4
0
2
88
12
5
23
4
4
4
21
41
3
2
8
10
8
14
2
98
98
5
98
20
59
98
2
7
26
5
2
33
13
17
59
98
10
3
35
20
98
10
48
14
10
98
3
2
5
43
98
13
2
98
7
20
19
3
29
47
53
9
37
5
8
18
25
12
4
10
20
1
40
98
9
18
19
12
30
9
20
13
8
23
2
25
7
98
7
37
33
2
2
19
5
8
98
4
10
25
19
13
35
16
91
29
20
98
98
7
2
3
19
6
2
4
40
7
91
98
2
3
7
22
2
36
6
66
98
28
9
49
98
47
98
5
2
2
6
2
8
28
19
2
98
3
10
50
3
2
91
98
98
2
3
3
98
98
2
4
4
45
64
8
2
16
98
83
21
48
40
3
20
21
98
6
64
12
14
20
58
4
7
8
10
12
2
98
98
98
12
98
13
12
12
17
25
70
98
26
27
98
46
28
4
37
10
39
4
26
3
30
7
2
8
47
5
15
7
3
32
10
3
41
3
98
21
98
6
16
75
6
8
2
98
17
16
8
2
98
29
9
2
2
82
20
6
3
98
11
3
10
3
4
94
12
63
22
22
98
30
8
10
16
15
2
98
5
18
98
4
98
2
20
61
3
5
98
7
2
98
3
8
98
98
2
28
98
5
5
6
15
77
2
14
26
16
19
5
98
7
22
60
98
8
33
98
6
82
3
98
9
11
7
11
2
31
3
7
12
98
39
39
8
23
13
2
5
98
5
2
2
17
43
26
13
37
98
9
2
58
4
98
4
2
98
7
98
98
6
9
9
98
34
14
7
16
5
98
2
98
9
98
98
3
2
3
27
22
24
7
57
2
1
20
98
15
14
23
6
12
4
77
19
98
98
8
9
98
36
2
98
7
5
12
15
98
23
98
11
48
67
20
4
2
9
39
2
2
3
3
80
12
4
26
8
98
7
98
8
90
28
9
98
3
22
5
95
98
5
98
2
23
98
4
1
13
44
5
11
3
14
32
2
98
40
11
14
10
2
98
5
25
5
98
98
2
32
6
1
39
7
45
3
6
29
3
7
26
98
98
7
9
5
5
43
32
98
4
8
7
3
14
79
85
10
3
58
2
20
10
2
19
10
29
8
8
38
98
73
25
43
98
5
11
3
58
40
98
8
32
2
65
4
9
14
7
98
4
12
98
5
6
19
2
14
5
2
25
32
32
98
82
30
4
3
29
26
9
3
3
6
18
18
46
3
2
6
35
10
7
56
14
20
6
76
39
23
25
6
20
8
48
10
57
98
10
21
60
79
87
4
7
98
39
2
7
42
21
79
30
98
98
13
12
15
25
5
32
98
98
4
15
15
98
2
45
5
1
11
11
12
21
30
33
6
34
10
11
33
43
16
98
81
98
10
7
98
5
6
3
15
2
8
4
24
3
18
5
2
56
98
98
17
5
6
2
98
10
9
5
62
16
18
6
5
5
98
2
5
1
11
10
4
5
2
47
5
20
11
3
10
25
98
3
2
98
9
9
22
3
3
4
26
7
5
7
4
4
6
2
3
9
8
79
27
32
21
6
69
4
8
3
6
1
11
7
13
9
15
4
14
12
2
11
52
98
3
9
3
2
26
2
98
10
98
17
14
3
23
82
4
9
4
98
4
22
9
2
2
12
98
15
2
12
10
31
98
22
98
1
4
11
98
98
98
98
6
98
2
20
6
98
31
3
8
98
53
4
2
98
9
10
9
3
2
40
16
62
98
3
31
7
98
6
3
27
9
98
41
2
19
3
2
2
2
7
16
98
22
3
5
3
98
98
24
39
2
98
10
14
4
2
8
98
2
98
7
5
90
8
30
98
22
4
98
15
21
14
2
39
8
12
98
8
3
7
22
2
3
7
2
85
17
98
8
52
10
17
23
67
21
18
7
6
25
23
98
2
4
3
18
10
98
66
2
98
98
98
9
5
3
1
3
6
9
3
10
6
2
98
26
6
98
98
5
4
13
9
14
4
31
2
5
26
25
2
5
4
12
7
98
18
3
4
56
9
21
2
2
30
2
9
16
18
98
5
23
2
52
23
2
21
5
98
98
22
6
2
8
2
2
2
0
11
36
4
8
22
20
13
2
36
5
36
2
4
98
19
3
2
7
13
15
7
23
2
3
17
11
24
2
9
3
5
3
10
98
98
12
98
2
4
21
22
18
98
49
8
15
2
38
98
4
2
8
2
3
14
17
7
2
2
10
2
11
0
5
46
6
52
26
5
8
20
21
37
98
3
53
15
34
14
3
2
98
19
12
98
37
2
9
12
7
18
34
42
5
4
98
9
6
98
3
6
2
17
25
9
5
45
16
5
2
18
98
98
3
8
9
16
14
2
3
23
60
98
14
6
23
47
4
38
98
13
98
41
7
3
98
15
1
6
98
3
24
2
3
98
23
2
2
98
21
29
4
7
12
98
13
13
8
63
2
2
10
6
5
4
2
13
11
3
10
63
8
5
10
5
98
27
22
2
3
98
3
27
45
9
23
9
4
9
98
19
11
9
21
18
98
26
7
98
33
5
98
10
8
98
3
3
1
98
2
9
2
4
98
98
2
98
6
3
8
6
13
2
47
5
15
73
6
12
7
98
5
98
37
98
98
98
12
98
5
2
7
3
9
2
23
5
9
3
15
8
11
5
2
4
4
25
98
3
98
22
10
14
6
98
3
1
5
3
2
7
98
4
75
6
2
7
2
4
23
98
98
8
78
9
98
5
60
18
24
26
98
4
3
39
7
8
35
3
61
11
5
3
98
28
2
98
4
16
47
29
8
4
44
8
98
33
46
5
4
1
17
3
2
98
37
98
2
2
2
53
11
8
8
2
1
9
9
83
98
5
6
68
5
23
6
8
83
3
5
98
9
98
23
52
26
1
32
8
2
12
3
36
9
4
5
6
11
2
10
5
2
6
2
29
98
5
98
1
9
53
23
98
1
98
41
17
7
16
92
9
10
98
2
34
98
3
8
98
17
4
2
20
72
20
98
98
29
98
51
98
98
98
5
1
15
2
3
8
64
3
3
12
98
15
98
9
45
23
98
3
6
10
23
2
2
60
16
5
98
13
6
8
3
17
34
2
98
2
98
3
7
1
98
20
12
33
24
98
8
37
6
15
4
57
98
11
4
6
13
29
3
14
14
0
2
2
10
40
3
8
47
11
6
10
3
3
24
98
7
43
3
7
36
11
4
1
3
1
98
3
3
2
98
9
1
5
13
10
44
20
26
2
26
98
3
13
8
20
17
5
7
8
9
12
12
13
2
4
18
2
6
2
1
98
98
3
18
39
39
16
98
36
21
98
58
2
8
40
3
21
98
12
38
32
52
98
3
10
5
9
8
8
70
5
7
18
19
0
2
11
57
98
41
24
11
2
4
2
3
6
74
1
98
14
23
98
98
18
10
1
98
98
86
43
2
7
98
4
14
2
12
17
3
14
2
10
98
6
16
3
98
98
6
17
13
93
98
5
51
98
11
9
34
14
11
7
98
22
27
98
21
2
98
2
98
3
7
5
13
23
2
25
22
14
22
8
1
3
31
2
10
18
10
98
10
98
10
16
9
2
4
17
98
30
3
98
12
3
5
16
3
12
31
1
5
98
98
5
3
83
13
5
77
9
16
2
2
98
12
98
98
31
98
1
19
24
14
38
45
98
4
5
25
2
2
10
98
9
98
3
7
3
26
5
35
24
59
7
43
64
0
14
1
7
27
98
2
98
98
10
10
7
98
2
6
98
7
3
8
98
4
26
36
10
4
2
12
66
8
2
11
27
98
98
51
18
11
6
14
10
49
98
2
7
30
4
2
5
98
22
19
2
3
22
5
24
98
9
7
29
98
98
11
2
98
0
3
17
36
54
32
2
3
98
98
3
3
0
98
17
12
3
98
98
44
12
3
5
12
96
5
6
74
6
25
12
3
2
5
3
1
21
2
40
43
9
51
2
27
47
98
26
10
98
5
98
50
98
6
98
22
9
3
98
5
8
2
12
10
11
16
49
3
7
2
98
1
9
4
1
98
7
4
25
4
3
2
21
27
2
8
4
98
16
11
48
32
2
98
98
12
50
12
96
9
7
56
14
10
7
2
98
30
28
7
2
8
6
7
10
17
2
5
18
13
6
74
18
7
2
74
5
38
3
16
24
9
7
7
6
9
13
8
5
9
2
2
6
20
7
5
7
7
59
9
24
98
86
13
3
66
37
8
9
2
3
16
2
98
98
19
3
71
98
43
4
1
2
2
31
20
5
3
2
19
4
12
76
3
26
38
12
13
45
48
17
23
31
98
28
98
85
3
67
5
16
23
1
62
21
2
28
3
18
2
10
5
6
98
98
98
2
85
6
98
66
9
11
5
4
98
15
3
2
19
3
19
21
2
2
8
52
7
98
8
9
9
5
2
6
72
18
3
6
71
6
4
3
4
45
7
11
35
98
4
6
20
10
1
2
5
2
1
14
37
88
2
5
98
4
4
4
98
10
86
7
51
3
98
8
2
18
98
98
3
38
98
15
4
21
9
4
9
22
30
1
3
2
9
98
6
14
5
8
15
3
18
17
71
7
7
5
17
24
2
10
4
7
98
26
45
28
4
5
4
5
36
7
98
46
11
92
20
33
7
20
98
8
98
10
7
13
5
5
39
19
22
7
3
77
9
98
14
6
11
38
69
98
63
98
8
7
7
19
2
4
98
15
3
13
19
7
6
11
3
93
98
17
16
8
7
8
15
11
4
98
59
4
4
6
11
98
17
4
98
2
4
98
20
10
98
10
12
