6
6
8
6
8
98
33
2
2
2
98
98
5
3
2
98
3
13
98
9
6
13
5
5
19
8
17
15
3
2
7
2
6
5
3
2
2
3
51
98
22
32
18
12
6
7
47
4
5
4
7
2
27
98
1
2
6
98
33
22
16
7
4
3
56
9
98
6
55
2
2
22
2
12
6
7
8
2
20
7
28
10
2
7
98
2
2
62
3
98
9
13
1
6
6
7
2
29
3
3
79
98
7
6
98
13
3
31
10
9
1
98
3
4
2
2
48
16
13
90
68
16
25
10
5
31
26
45
58
7
8
8
8
11
98
10
12
8
24
28
65
10
9
11
98
3
1
2
4
6
14
13
2
49
9
33
14
29
26
11
59
4
29
26
35
8
2
22
3
27
3
7
1
58
9
21
2
6
7
27
12
98
11
2
8
98
5
21
54
2
26
7
14
2
5
6
8
2
9
2
32
27
82
21
32
19
98
6
25
2
2
27
2
2
2
23
7
1
5
6
21
98
2
98
98
39
9
98
46
17
2
58
98
12
98
98
4
98
4
7
33
7
6
13
36
3
2
9
15
7
20
3
98
13
52
10
2
20
98
15
47
10
5
3
1
2
98
3
8
98
10
2
12
98
6
3
8
27
3
40
5
15
53
98
10
54
5
2
2
4
9
20
9
36
1
3
24
64
2
27
6
4
12
7
26
9
98
14
10
18
5
4
53
28
2
2
4
5
98
5
98
0
7
47
4
30
64
3
6
9
12
98
7
79
59
7
40
2
11
5
9
2
10
10
10
6
21
21
7
6
5
6
7
6
10
17
8
6
3
2
6
6
12
13
33
96
0
26
16
8
5
6
1
98
31
7
4
26
11
6
9
35
2
52
9
8
33
3
98
5
10
10
5
11
8
3
12
10
3
35
7
12
8
2
7
7
22
98
9
15
6
39
43
1
32
14
5
98
6
3
18
12
6
47
9
77
9
4
6
9
3
19
98
9
5
46
21
98
15
13
2
61
12
35
98
10
6
25
2
10
39
35
2
3
5
56
2
98
5
98
2
4
15
98
13
2
29
7
78
10
14
25
23
15
4
43
10
6
5
32
10
4
1
0
3
9
2
15
26
9
12
98
6
10
7
7
3
3
98
2
5
5
11
3
98
5
5
13
7
24
6
2
98
13
98
98
18
2
25
3
11
11
2
6
7
4
15
39
21
39
6
67
28
3
10
98
3
14
49
9
2
98
5
13
6
2
3
12
2
3
23
3
47
8
19
2
9
18
12
98
46
39
30
25
4
12
17
12
17
7
2
11
3
98
7
4
5
9
1
2
24
98
38
25
98
9
22
3
2
1
4
20
44
3
5
3
4
9
2
11
3
2
98
38
29
10
9
26
6
19
14
23
5
3
65
6
16
16
2
2
12
4
8
7
4
24
2
6
98
10
3
2
2
76
60
21
18
7
98
6
17
12
2
10
58
40
6
17
1
2
6
4
10
10
15
6
6
45
6
5
1
12
11
8
98
48
4
3
2
2
12
5
27
20
5
5
27
48
61
81
4
98
58
1
2
2
11
60
2
3
3
60
20
44
2
98
13
1
36
6
7
3
9
2
98
88
4
16
8
21
23
6
24
7
7
22
8
14
4
19
48
2
10
9
11
2
39
3
24
6
2
9
22
9
2
8
19
2
14
98
5
31
23
98
10
2
6
25
5
5
2
2
16
98
2
15
98
8
11
3
72
98
10
19
2
9
44
7
6
8
3
4
59
26
43
74
3
20
98
2
98
1
2
9
26
6
11
4
3
45
3
20
2
32
7
2
29
3
27
2
33
1
5
61
5
8
6
32
13
3
2
15
4
98
5
2
2
12
4
8
2
2
1
3
16
17
2
6
3
19
19
98
19
98
25
6
50
3
15
7
13
98
22
7
11
98
2
9
10
2
5
48
47
10
2
3
6
6
47
9
2
5
28
20
9
2
98
7
14
72
12
2
11
2
98
50
9
2
2
5
6
2
98
8
1
5
14
2
6
32
5
2
3
4
9
31
7
22
98
20
0
5
2
2
7
13
6
20
8
6
85
43
19
39
29
22
24
4
17
10
2
98
17
0
24
98
2
16
10
4
3
18
34
43
7
3
2
5
4
11
1
2
8
4
6
2
24
6
74
6
4
40
98
98
4
10
22
13
5
16
5
2
7
22
17
5
9
30
8
6
3
3
8
2
3
4
8
5
2
56
98
42
2
19
5
12
35
98
8
15
10
3
9
30
8
1
7
2
7
3
10
11
8
12
98
2
7
5
9
21
45
6
2
10
13
60
60
7
9
36
2
22
9
5
5
7
4
20
8
9
16
6
7
3
39
10
24
2
2
5
98
5
4
7
7
15
85
5
7
4
8
15
71
52
98
4
37
3
1
98
25
2
16
9
2
2
17
14
25
2
5
98
98
12
8
8
29
9
8
13
27
3
55
4
10
17
9
25
4
2
18
98
16
23
9
4
6
1
83
98
16
4
5
98
6
1
6
11
9
4
9
6
2
8
14
8
6
98
98
2
98
4
4
56
98
98
19
21
3
10
48
2
98
26
2
2
8
6
7
98
9
30
2
7
7
10
39
2
3
82
34
21
8
6
11
11
16
3
23
15
79
4
40
4
1
1
25
14
14
1
98
1
5
9
2
11
9
8
7
98
28
3
59
16
3
71
7
4
7
98
3
4
4
10
5
2
5
6
9
2
1
4
10
98
12
2
4
2
63
4
2
2
2
37
11
4
98
13
3
16
6
8
2
5
98
36
18
2
2
44
6
8
8
9
21
3
5
19
2
50
12
2
25
4
2
7
3
98
2
12
5
7
5
22
2
4
19
5
8
2
7
2
82
10
10
6
2
4
5
1
8
45
15
12
7
19
98
32
5
98
5
2
13
12
2
4
11
4
97
2
9
11
42
16
3
9
3
3
10
4
2
6
24
7
15
20
4
12
39
4
32
7
98
40
22
4
26
24
2
18
7
5
11
16
21
4
98
11
98
2
5
20
12
98
5
14
9
7
13
3
6
6
14
23
32
16
2
2
11
3
2
3
8
3
44
5
2
11
26
30
3
4
98
10
6
45
29
10
3
33
2
22
3
4
9
6
6
9
9
8
3
98
98
2
7
9
6
33
26
6
23
9
4
8
8
29
8
5
2
19
31
16
3
22
11
98
84
16
16
98
37
2
