6
94
5
7
3
15
8
11
1
84
8
7
22
30
98
79
3
62
4
55
10
3
98
8
98
7
4
8
21
98
74
25
7
49
98
10
12
6
5
7
8
98
3
98
55
98
98
21
6
6
6
7
98
14
5
97
2
50
15
16
59
61
4
98
98
6
98
50
3
19
2
75
12
8
98
13
98
13
7
18
98
10
77
20
8
98
15
2
98
16
16
75
6
20
59
20
37
5
6
9
71
30
24
13
98
17
98
9
10
5
98
98
34
98
5
12
98
16
16
6
11
61
43
27
4
25
3
76
17
2
98
17
46
8
5
26
23
57
9
61
4
9
34
51
4
98
8
15
20
98
5
5
98
3
10
98
12
5
5
6
45
11
98
3
98
98
13
21
12
98
26
15
28
10
4
73
30
16
11
55
30
8
98
38
2
10
26
14
54
9
9
15
12
98
98
3
3
4
36
4
15
98
98
8
82
15
15
35
55
98
8
11
13
72
56
5
16
98
13
30
43
19
25
25
7
29
12
98
98
98
98
11
70
40
5
41
39
75
3
6
98
6
98
9
59
98
98
23
13
19
17
4
44
15
19
98
6
30
55
11
50
75
71
1
96
2
98
8
4
55
6
11
11
21
6
72
11
10
3
63
18
98
7
98
33
26
2
15
1
12
5
5
7
3
98
8
44
31
4
53
8
2
11
4
52
98
9
6
10
38
98
98
98
98
98
39
12
98
98
17
66
8
98
98
98
7
2
13
18
18
98
3
12
5
98
9
98
9
3
56
98
10
98
68
20
6
22
9
25
7
3
7
98
37
14
8
98
8
98
98
98
42
26
98
3
98
75
98
7
7
54
46
53
98
33
7
22
90
98
92
4
9
6
98
5
21
4
11
31
98
2
5
10
57
24
96
26
52
5
7
7
1
98
31
84
13
98
10
28
16
16
12
98
28
7
23
12
7
23
98
22
98
42
13
32
3
3
5
98
5
62
61
13
33
45
16
14
7
12
5
4
7
41
98
2
98
51
98
34
53
14
98
4
62
98
23
61
34
50
98
83
6
10
98
12
98
36
98
25
20
98
7
98
2
1
8
34
10
85
47
98
57
23
98
98
98
30
31
98
77
9
98
3
74
98
98
15
14
8
15
33
81
84
69
16
98
98
20
11
9
15
98
98
13
31
98
23
18
8
98
7
21
12
11
36
25
98
12
11
11
10
1
5
37
98
98
17
56
8
40
33
38
15
98
5
47
52
7
43
6
3
14
10
57
98
6
7
7
98
14
6
3
98
98
25
93
24
42
5
97
22
11
4
56
6
98
9
98
26
6
13
4
98
3
30
20
3
65
67
35
6
23
8
7
8
3
34
13
13
98
6
86
6
12
98
21
19
33
28
98
9
12
5
98
98
96
98
11
98
14
2
79
98
6
98
10
98
14
98
2
71
9
98
5
2
15
87
98
18
10
4
98
98
22
10
14
98
10
98
98
98
98
38
98
48
21
98
72
6
18
98
63
11
19
26
10
98
44
1
27
6
98
4
95
5
21
4
16
12
4
48
88
7
98
39
8
98
5
45
37
86
32
98
14
4
98
98
98
98
98
14
40
98
49
37
10
73
68
26
98
98
98
70
22
10
8
5
11
13
21
8
20
8
2
18
53
7
19
23
37
5
87
98
98
98
10
98
92
1
98
40
39
52
13
98
14
46
87
11
98
34
33
4
3
98
80
98
2
18
98
46
5
98
98
4
20
5
48
79
33
61
98
23
98
25
98
98
25
4
7
5
37
5
8
98
18
7
27
10
31
64
26
13
8
16
82
37
98
80
59
39
98
98
98
4
28
98
4
98
98
27
5
3
3
6
2
98
2
4
98
36
98
3
7
5
15
12
2
35
7
98
98
7
43
16
5
26
3
98
47
98
4
49
96
25
87
13
2
2
98
98
15
2
58
98
98
2
2
4
98
6
29
8
5
63
15
6
6
10
4
7
6
13
8
39
98
29
47
98
3
9
2
34
16
5
98
98
5
98
14
7
19
27
3
8
8
9
2
98
24
31
2
7
4
98
69
5
10
98
3
5
4
3
34
32
4
12
76
3
98
44
46
62
98
3
98
4
73
98
98
26
20
7
98
66
98
8
74
98
98
38
9
7
98
24
98
2
2
4
7
11
17
98
77
6
2
96
10
7
5
4
9
16
23
55
98
7
27
4
5
1
2
4
98
4
6
98
98
98
34
43
9
98
7
91
31
1
20
87
21
43
14
2
27
12
13
6
14
16
5
4
98
2
5
5
2
2
21
2
15
1
2
23
5
96
26
32
98
18
3
13
5
98
34
3
15
11
5
95
8
1
84
9
3
30
3
22
98
36
8
98
14
5
6
77
28
1
41
39
3
12
12
8
98
6
49
24
4
80
94
65
5
98
2
98
17
27
20
7
45
12
12
98
98
1
98
18
4
72
10
12
85
34
2
54
16
5
6
4
13
98
5
3
38
9
3
3
2
3
21
56
5
11
33
2
46
68
98
1
98
10
3
91
98
98
5
21
35
3
23
2
8
12
3
8
98
52
2
4
55
7
7
15
8
7
2
98
23
5
98
4
4
4
7
7
23
46
98
4
10
70
42
4
46
1
22
11
17
9
7
10
2
28
75
21
8
5
98
23
64
3
22
2
7
2
6
17
2
8
11
4
6
19
98
21
11
3
8
6
19
98
5
8
24
4
16
10
5
14
3
43
24
98
8
98
36
49
98
9
6
5
4
1
24
12
98
98
12
36
60
10
45
5
2
21
20
46
98
98
7
98
97
8
20
2
14
96
13
3
14
98
98
50
1
2
2
30
98
2
3
8
98
98
6
37
20
8
3
98
98
98
85
4
8
5
98
9
2
98
2
84
14
10
3
47
11
23
98
6
98
5
98
16
98
53
14
3
5
2
35
13
14
16
11
10
11
78
12
98
28
6
2
98
59
76
8
7
98
2
8
6
98
54
6
15
8
98
11
98
62
35
4
75
68
12
11
6
3
98
98
67
8
37
4
17
98
98
98
39
3
98
83
1
65
4
11
8
33
33
5
34
9
7
12
6
43
8
11
98
2
98
98
98
48
23
56
77
49
37
15
98
98
90
10
1
98
98
98
11
5
98
15
9
15
6
7
3
18
12
98
2
7
7
52
2
98
84
15
98
62
17
8
2
2
3
6
5
7
4
21
89
67
8
98
7
98
2
47
8
16
98
61
52
19
13
98
29
3
18
26
36
5
6
1
8
2
57
65
98
98
98
19
22
98
5
3
47
19
14
10
5
2
11
15
25
20
20
19
9
34
3
56
8
98
8
8
86
4
6
98
2
19
23
11
3
6
36
3
98
68
12
15
5
15
98
98
95
98
98
98
23
11
98
3
74
82
8
4
4
46
61
54
4
2
53
2
