6
6
8
6
8
98
33
2
2
2
98
98
5
3
2
98
3
13
98
9
6
13
5
5
19
8
17
15
3
2
7
2
6
5
3
2
2
3
51
98
22
32
18
12
6
7
47
4
5
4
7
2
27
98
1
2
6
98
33
22
16
7
4
3
56
9
98
6
55
2
2
22
2
12
6
7
8
2
20
7
28
10
2
7
98
2
2
62
3
98
9
13
1
6
6
7
2
29
3
3
79
98
7
6
98
13
3
31
10
9
1
98
3
4
2
2
48
16
13
90
68
16
25
10
5
31
26
45
58
7
8
8
8
11
98
10
12
8
24
28
65
10
9
11
98
3
1
2
4
6
14
13
2
49
9
33
14
29
26
11
59
4
29
26
35
8
2
22
3
27
3
7
1
58
9
21
2
6
7
27
12
98
11
2
8
98
5
21
54
2
26
7
14
2
5
6
8
2
9
2
32
27
82
21
32
19
98
6
25
2
2
27
2
2
2
23
7
1
5
6
21
98
2
98
98
39
9
98
46
17
2
58
98
12
98
98
4
98
4
7
33
7
6
13
36
3
2
9
15
7
20
3
98
13
52
10
2
20
98
15
47
10
5
3
1
2
98
3
8
98
10
2
12
98
6
3
8
27
3
40
5
15
53
98
10
54
5
2
2
4
9
20
9
36
1
3
24
64
2
27
6
4
12
7
26
9
98
14
10
18
5
4
53
28
2
2
4
5
98
5
98
0
7
47
4
30
64
3
6
9
12
98
7
79
59
7
40
2
11
5
9
2
10
10
10
6
21
21
7
6
5
6
7
6
10
17
8
6
3
2
6
6
12
13
33
96
0
26
16
8
5
6
1
98
31
7
4
26
11
6
9
35
2
52
9
8
33
3
98
5
10
10
5
11
8
3
12
10
3
35
7
12
8
2
7
7
22
98
9
15
6
39
43
1
32
14
5
98
6
3
18
12
6
47
9
77
9
4
6
9
3
19
98
9
5
46
21
98
15
13
2
61
12
35
98
10
6
25
2
10
39
35
2
3
5
56
2
98
5
98
2
4
15
98
13
2
29
7
78
10
14
25
23
15
4
43
10
6
5
32
10
4
1
0
3
9
2
15
26
9
12
98
6
10
7
7
3
3
98
2
5
5
11
3
98
5
5
13
7
24
6
2
98
13
98
98
18
2
25
3
11
11
2
6
7
4
15
39
21
39
6
67
28
3
10
98
3
14
49
9
2
98
5
13
6
2
3
12
2
3
23
3
47
8
19
2
9
18
12
98
46
39
30
25
4
12
17
12
17
7
2
11
3
98
7
4
5
9
1
2
24
98
38
25
98
9
22
3
2
1
4
20
44
3
5
3
4
9
2
11
3
2
98
38
29
10
9
26
6
19
14
23
5
3
65
6
16
16
2
2
12
4
8
7
4
24
2
6
98
10
3
2
2
76
60
21
18
7
98
6
17
12
2
10
58
40
6
17
1
2
6
4
10
10
15
6
6
45
6
5
1
12
11
8
98
48
4
3
2
2
12
5
27
20
5
5
27
48
61
81
4
98
58
1
2
2
11
60
2
3
3
60
20
44
2
98
13
1
36
6
7
3
9
2
98
88
4
16
8
21
23
6
24
7
7
22
8
14
4
19
48
2
10
9
11
2
39
3
24
6
2
9
22
9
2
8
19
2
14
98
5
31
23
98
10
2
6
25
5
5
2
2
16
98
2
15
98
8
11
3
72
98
10
19
2
9
44
7
6
8
3
4
59
26
43
74
3
20
98
2
98
1
2
9
26
6
11
4
3
45
3
20
2
32
7
2
29
3
27
2
33
1
5
61
5
8
6
32
13
3
2
15
4
98
5
2
2
12
4
8
2
2
1
3
16
17
2
6
3
19
19
98
19
98
25
6
50
3
15
7
13
98
22
7
11
98
2
9
10
2
5
48
47
10
2
3
6
6
47
9
2
5
28
20
9
2
98
7
14
72
12
2
11
2
98
50
9
2
2
5
6
2
98
8
1
5
14
2
6
32
5
2
3
4
9
31
7
22
98
20
0
5
2
2
7
13
6
20
8
6
85
43
19
39
29
22
24
4
17
10
2
98
17
0
24
98
2
16
10
4
3
18
34
43
7
3
2
5
4
11
1
2
8
4
6
2
24
6
74
6
4
40
98
98
4
10
22
13
5
16
5
2
7
22
17
5
9
30
8
6
3
3
8
2
3
4
8
5
2
56
98
42
2
19
5
12
35
98
8
15
10
3
9
30
8
1
7
2
7
3
10
11
8
12
98
2
7
5
9
21
45
6
2
10
13
60
60
7
9
36
2
22
9
5
5
7
4
20
8
9
16
6
7
3
39
10
24
2
2
5
98
5
4
7
7
15
85
5
7
4
8
15
71
52
98
4
37
3
1
98
25
2
16
9
2
2
17
14
25
2
5
98
98
12
8
8
29
9
8
13
27
3
55
4
10
17
9
25
4
2
18
98
16
23
9
4
6
1
83
98
16
4
5
98
6
1
6
11
9
4
9
6
2
8
14
8
6
98
98
2
98
4
4
56
98
98
19
21
3
10
48
2
98
26
2
2
8
6
7
98
9
30
2
7
7
10
39
2
3
82
34
21
8
6
11
11
16
3
23
15
79
4
40
4
1
1
25
14
14
1
98
1
5
9
2
11
9
8
7
98
28
3
59
16
3
71
7
4
7
98
3
4
4
10
5
2
5
6
9
2
1
4
10
98
12
2
4
2
63
4
2
2
2
37
11
4
98
13
3
16
6
8
2
5
98
36
18
2
2
44
6
8
8
9
21
3
5
19
2
50
12
2
25
4
2
7
3
98
2
12
5
7
5
22
2
4
19
5
8
2
7
2
82
10
10
6
2
4
5
1
8
45
15
12
7
19
98
32
5
98
5
2
13
12
2
4
11
4
97
2
9
11
42
16
3
9
3
3
10
4
2
6
24
7
15
20
4
12
39
4
32
7
98
40
22
4
26
24
2
18
7
5
11
16
21
4
98
11
98
2
5
20
12
98
5
14
9
7
13
3
6
6
14
23
32
16
2
2
11
3
2
3
8
3
44
5
2
11
26
30
3
4
98
10
6
45
29
10
3
33
2
22
3
4
9
6
6
9
9
8
3
98
98
2
7
9
6
33
26
6
23
9
4
8
8
29
8
5
2
19
31
16
3
22
11
98
84
16
16
98
37
2
98
2
6
3
52
11
0
7
98
12
31
2
22
5
2
8
2
1
19
37
7
26
98
98
6
2
5
8
2
14
70
4
6
10
31
21
7
13
19
2
3
3
23
0
4
60
24
14
98
2
9
12
84
7
8
27
8
39
18
2
21
0
28
98
4
54
39
44
19
43
10
9
72
46
2
19
2
6
71
7
6
12
4
37
6
3
2
5
1
24
2
4
98
19
16
2
4
4
98
2
2
98
51
7
36
35
28
8
4
9
7
7
2
2
40
2
10
10
13
34
56
5
23
9
19
42
5
18
2
3
21
7
3
98
11
9
68
37
72
40
30
8
7
7
57
44
98
8
5
6
33
9
4
10
3
35
32
43
14
25
27
24
45
20
2
32
22
13
2
98
2
41
13
2
85
16
51
8
7
33
2
12
7
69
4
40
4
5
98
2
12
9
24
56
2
3
2
11
16
3
17
19
98
41
22
6
2
8
1
4
10
2
20
5
63
12
64
41
98
3
98
46
5
25
25
8
25
25
21
8
25
14
98
89
10
98
41
98
80
54
22
50
10
4
10
98
30
5
7
50
7
4
7
3
19
14
1
20
2
3
3
29
51
11
17
6
98
3
24
17
10
77
98
9
67
54
8
5
6
13
24
13
14
17
98
12
76
50
4
98
4
98
3
12
98
18
10
2
10
2
22
8
12
6
70
9
69
12
36
13
5
98
98
55
38
3
98
21
50
52
4
29
67
2
14
15
2
8
4
5
18
98
7
36
50
4
5
7
10
92
35
60
13
98
98
98
98
13
34
2
66
31
43
5
2
63
12
98
8
2
64
28
98
2
2
7
47
17
46
8
61
29
5
3
4
88
45
28
11
30
98
11
2
98
15
6
4
2
95
4
15
14
10
17
2
7
51
98
2
6
46
83
2
14
1
56
50
9
3
18
98
8
8
3
10
49
5
46
2
98
98
7
3
5
9
9
98
30
42
3
2
5
46
24
30
18
20
11
10
4
1
9
98
11
3
98
12
30
51
98
9
2
68
98
2
2
3
13
6
2
3
28
4
3
98
2
56
15
3
2
3
6
3
3
45
2
98
7
98
53
14
29
40
90
46
22
3
3
37
4
59
5
6
29
40
10
50
9
45
46
98
3
4
3
2
6
11
57
16
9
2
40
9
6
98
14
2
18
41
2
10
7
7
60
7
60
24
2
3
69
7
57
6
6
98
27
12
10
12
72
3
4
14
59
25
98
4
2
2
4
22
8
39
14
2
21
46
38
2
5
16
17
33
33
10
98
5
1
98
21
6
24
2
5
46
2
7
1
98
6
3
40
6
25
3
29
44
98
98
3
5
35
77
24
4
98
3
11
6
98
98
9
9
2
73
2
15
22
40
3
18
94
27
98
3
98
4
98
49
59
21
98
33
31
2
79
2
37
39
12
55
7
4
21
14
16
2
13
98
19
2
61
2
54
33
98
2
15
6
7
25
21
23
49
11
98
6
37
5
12
36
60
10
4
23
13
3
4
24
98
96
6
98
4
8
3
7
15
3
48
98
98
4
54
4
98
15
4
2
98
6
30
36
90
54
4
73
98
98
26
34
37
15
3
2
33
23
98
48
74
2
12
17
20
45
7
43
4
90
90
9
68
18
90
53
98
98
10
63
5
17
35
40
30
98
9
3
2
22
4
9
98
11
39
98
17
1
4
3
34
4
42
17
41
5
16
98
8
39
2
2
9
42
7
85
37
5
2
75
7
31
9
18
6
8
98
9
29
19
9
98
2
55
52
98
34
23
64
3
10
47
39
23
98
98
98
3
14
25
98
2
58
98
17
98
24
14
40
10
3
98
2
98
2
4
2
6
5
32
25
6
2
6
98
6
2
51
16
2
4
24
8
16
8
9
22
98
5
40
7
98
6
10
2
15
35
2
2
5
98
2
10
3
16
2
8
2
3
39
37
14
23
52
98
13
13
4
49
12
98
9
3
2
9
2
5
26
4
2
2
1
3
6
59
2
3
2
16
37
3
30
2
6
38
6
7
13
0
2
8
22
98
5
4
7
5
1
5
3
11
2
35
3
4
98
3
19
41
3
23
2
98
2
8
98
34
98
3
98
4
6
8
1
6
2
7
3
98
4
4
3
4
60
4
6
1
8
5
5
98
5
50
21
5
1
7
98
3
27
1
2
36
98
28
5
11
5
3
98
4
98
6
14
4
2
10
29
3
2
2
41
4
2
4
7
26
98
18
72
17
7
2
8
4
6
3
24
2
27
58
45
6
90
1
34
7
2
47
7
45
98
98
29
14
5
37
98
15
7
4
2
3
2
22
3
2
6
43
9
2
36
10
11
98
9
7
5
2
15
2
39
98
15
21
14
25
2
0
18
98
3
98
3
6
7
2
5
8
10
98
3
3
6
7
98
98
5
35
8
23
3
2
4
49
4
3
8
98
5
2
2
7
2
20
6
50
8
41
4
21
3
3
5
2
98
79
14
98
2
2
8
8
2
55
21
9
15
2
2
98
19
6
3
8
98
98
16
7
0
7
4
8
50
65
64
11
98
5
0
4
2
2
3
2
9
22
12
3
10
5
5
1
3
39
2
6
3
98
3
16
4
87
98
2
10
7
3
10
5
2
37
8
6
9
14
19
36
98
10
98
2
17
2
5
2
4
13
13
98
47
6
3
14
0
8
2
6
10
10
6
2
10
11
2
6
8
34
84
4
5
6
3
5
98
7
16
2
2
9
5
54
24
2
3
2
21
9
6
10
10
7
1
4
78
9
2
11
10
2
5
2
24
0
3
22
7
9
19
13
2
2
84
2
30
17
7
12
98
3
12
59
98
13
22
7
2
98
98
2
9
60
15
98
2
73
98
3
4
2
5
7
4
81
6
33
98
2
48
4
2
2
27
46
2
1
28
2
9
98
6
57
98
98
14
4
4
13
2
1
4
98
98
3
98
11
2
2
2
10
47
1
20
4
43
7
34
3
98
12
7
2
10
4
4
59
3
6
2
77
60
98
9
2
2
20
5
12
9
9
5
3
98
14
3
6
17
20
8
8
2
3
3
6
30
8
33
10
3
2
7
5
98
6
2
4
8
98
2
4
11
21
98
59
7
22
2
5
98
53
98
30
2
50
82
11
2
2
24
98
7
62
50
4
2
3
66
2
29
2
4
98
4
27
32
17
22
4
11
2
49
43
7
7
3
5
2
2
16
6
37
10
98
52
98
22
44
5
4
98
13
3
13
10
10
3
2
68
20
16
72
2
31
2
3
66
30
4
1
2
29
1
3
10
20
98
5
3
5
23
11
10
10
98
2
98
72
98
7
4
5
2
18
11
40
27
30
5
2
2
12
66
3
2
66
4
5
98
4
15
52
22
6
2
33
2
20
3
6
20
2
31
3
17
7
98
1
2
1
18
23
2
6
98
98
98
98
6
3
14
68
98
98
2
6
13
2
5
4
5
90
1
2
4
12
7
29
4
5
37
4
2
6
2
13
28
98
8
2
2
1
8
2
71
14
3
2
98
2
10
4
11
27
2
98
13
3
8
2
5
6
98
31
98
50
98
23
83
88
7
6
9
2
11
18
2
15
15
3
49
10
3
56
2
3
42
6
5
98
98
5
2
53
28
51
98
47
7
8
20
23
2
8
39
6
2
11
98
2
2
2
27
31
8
3
11
98
3
24
13
98
26
81
10
98
2
4
17
11
17
5
15
30
26
44
74
2
16
22
33
5
4
98
33
6
10
50
7
9
22
22
98
10
41
22
7
4
56
8
3
2
98
7
98
4
98
39
7
26
52
2
7
35
28
41
8
8
28
44
16
8
2
16
2
98
15
64
58
30
36
21
12
17
17
5
45
20
2
5
98
98
2
89
12
16
39
78
5
98
98
98
5
98
41
8
2
31
21
6
2
15
26
98
98
4
41
2
9
7
8
21
5
7
1
40
12
10
22
98
30
91
2
34
12
24
17
4
46
21
32
18
27
53
14
98
98
98
10
7
98
98
62
21
24
98
31
2
98
98
98
7
9
7
79
32
16
3
9
11
2
98
26
6
98
8
98
5
9
23
39
98
34
22
15
5
29
85
8
2
2
3
14
7
45
98
98
17
18
38
4
14
94
17
98
98
28
34
2
83
22
33
44
1
11
6
28
33
23
71
98
98
37
81
45
1
52
98
98
3
53
54
54
15
52
68
2
47
26
29
2
1
98
28
16
9
13
2
57
2
2
6
13
16
4
98
7
18
5
6
74
18
98
10
55
53
54
3
0
32
14
98
2
48
9
5
2
1
14
13
22
64
11
32
2
5
91
12
93
5
13
25
98
98
9
80
34
23
98
6
98
96
98
9
58
57
31
98
98
98
11
98
2
12
45
26
11
98
98
98
18
40
2
40
98
6
25
5
2
7
2
2
19
26
42
20
26
48
6
4
11
9
9
4
1
8
2
2
22
22
22
2
98
98
3
21
43
9
3
29
6
3
3
47
98
3
2
5
71
21
19
3
5
24
98
6
29
5
3
26
2
98
98
98
39
3
13
39
13
82
8
98
11
7
11
17
11
32
22
22
98
91
69
55
37
98
2
16
2
98
16
53
98
5
2
3
60
25
14
98
98
98
8
8
8
98
98
25
92
3
26
2
20
12
7
22
3
16
98
52
16
3
2
47
3
2
2
3
34
5
9
20
98
2
18
2
12
20
89
23
42
98
10
6
36
98
98
6
5
8
4
2
98
20
2
5
3
4
3
8
11
10
16
98
6
6
24
15
9
12
71
5
4
51
35
1
29
19
68
2
1
61
1
98
2
98
2
98
53
98
98
2
2
98
98
98
7
4
6
2
5
13
15
98
98
61
2
17
15
33
98
8
2
12
2
54
3
2
2
26
2
98
0
3
11
2
98
10
5
12
98
3
14
3
98
10
98
7
5
5
24
18
98
3
98
3
25
3
98
4
11
11
3
24
21
26
7
98
4
98
2
31
1
7
11
7
7
10
11
34
6
7
98
2
98
16
7
98
9
2
7
98
21
3
9
3
1
10
3
6
56
7
62
25
6
4
20
1
4
98
2
5
2
52
5
6
13
98
98
3
98
13
98
2
2
7
44
4
3
1
98
6
8
10
12
98
4
4
23
98
2
17
2
2
98
2
7
22
6
2
9
8
1
21
1
3
2
12
8
17
2
2
98
8
4
5
98
65
50
20
98
98
25
2
15
4
98
5
14
2
7
2
7
2
8
3
5
3
98
2
0
16
98
27
5
3
13
8
2
98
1
7
98
7
24
5
2
30
14
8
29
7
3
98
4
2
98
6
4
98
9
3
13
9
6
9
4
2
3
20
83
24
19
38
6
4
98
3
10
33
13
25
8
21
8
20
4
98
2
3
6
98
14
98
7
4
77
21
5
5
11
9
4
25
4
44
2
4
98
2
7
69
27
14
2
2
8
6
19
5
5
98
6
8
7
3
4
2
98
98
13
2
98
2
2
10
4
6
98
1
2
11
98
5
20
31
2
98
2
6
55
5
34
2
98
2
2
11
4
3
9
15
5
98
22
2
20
12
45
2
8
29
7
11
98
6
98
3
29
7
11
57
18
1
7
1
2
14
14
2
6
98
2
9
2
4
16
3
13
2
5
3
4
6
7
5
8
2
98
28
2
30
98
8
15
10
5
98
2
2
2
98
8
4
6
8
98
5
10
11
2
2
16
5
2
7
98
98
98
29
98
2
38
6
9
93
14
23
5
31
17
98
2
98
22
98
2
23
98
3
9
11
5
2
2
24
4
8
6
4
55
2
98
6
0
4
37
5
10
16
11
13
8
15
18
1
98
20
2
2
18
98
2
7
98
2
25
98
98
2
2
5
4
98
5
18
6
54
98
15
7
2
6
30
98
13
2
17
16
8
6
98
4
16
7
7
25
12
89
2
2
98
3
21
90
98
8
26
14
9
8
4
98
98
4
25
6
98
3
17
98
34
8
2
2
2
4
3
98
36
1
2
98
54
19
98
6
13
11
15
1
2
9
38
6
3
2
3
2
2
98
2
98
8
98
98
4
24
5
98
98
2
8
5
98
30
13
3
52
4
7
2
2
2
31
98
12
2
1
2
98
12
2
2
7
3
3
6
2
4
2
5
98
37
2
2
2
36
98
12
98
98
98
3
19
98
4
98
98
3
98
4
6
11
7
6
2
98
13
5
98
10
20
3
98
98
2
27
3
7
11
98
2
2
7
18
20
22
16
2
98
2
18
5
2
36
6
98
20
3
8
24
5
9
9
2
13
3
2
2
4
19
8
4
2
28
20
6
2
6
2
98
98
6
14
7
2
3
2
98
2
15
2
29
10
5
0
20
2
11
11
12
4
3
7
7
3
98
8
3
7
2
15
9
2
9
2
4
8
5
2
