77.35
11.55
32.55
67.55
94.15
1.75
0.35
14.35
53.55
4.55
10.15
8.75
7.35
17.15
4.55
61.95
18.55
84.35
140.0
15.75
10.15
29.75
42.35
28.35
5.95
19.95
7.35
25.55
31.15
45.15
4.55
7.35
64.75
15.75
59.15
29.75
10.15
7.35
28.35
12.95
140.0
15.75
21.35
47.95
17.15
63.35
29.75
12.95
52.15
32.55
22.75
10.15
14.35
140.0
140.0
77.35
19.95
12.95
7.35
12.95
33.95
32.55
3.15
140.0
38.15
14.35
8.75
70.35
26.95
11.55
3.15
4.55
49.35
17.15
140.0
21.35
21.35
19.95
8.75
7.35
10.15
66.15
12.95
46.55
18.55
18.55
73.15
4.55
11.55
70.35
15.75
25.55
8.75
18.55
17.15
18.55
15.75
28.35
117.95
12.95
29.75
26.95
35.35
5.95
4.55
21.35
14.35
8.75
17.15
11.55
88.55
11.55
1.75
10.15
11.55
77.35
10.15
5.95
29.75
45.15
22.75
11.55
32.55
37.8
9.8
14.0
22.4
14.0
140.0
16.8
9.8
15.4
71.4
18.2
16.8
7.0
15.4
7.0
14.0
14.0
51.8
46.2
9.8
26.6
16.8
22.4
22.4
7.0
15.4
11.2
9.8
5.6
2.8
18.2
9.8
39.2
29.4
12.6
29.4
23.8
19.6
14.0
16.8
82.6
1.4
23.8
23.8
42.0
8.4
12.6
26.6
29.4
43.4
8.4
43.4
2.8
40.6
15.4
75.6
15.4
9.8
23.8
140.0
11.2
8.4
8.4
29.4
140.0
25.2
1.4
140.0
23.8
140.0
25.2
5.6
8.4
22.4
46.2
7.0
53.2
18.2
8.4
15.4
2.8
54.6
23.8
102.2
18.2
18.2
1.4
1.4
9.8
21.0
12.6
96.6
14.0
8.4
44.8
19.6
86.8
19.6
11.2
8.4
56.0
9.8
19.6
4.2
15.4
30.8
19.6
113.4
95.2
71.4
37.8
9.8
11.2
18.2
5.6
9.8
14.0
25.2
21.0
40.6
140.0
23.8
71.4
12.6
19.6
26.6
81.2
29.4
19.6
8.4
32.2
28.0
23.8
140.0
21.0
18.2
8.4
2.8
140.0
16.8
36.4
4.2
5.6
22.4
47.6
7.0
29.4
11.2
30.8
54.6
5.6
22.4
19.6
11.2
4.2
40.6
8.4
35.0
5.6
75.6
49.0
22.4
71.4
25.2
14.0
16.8
21.0
23.8
15.4
23.8
14.0
2.8
26.6
15.4
68.6
14.0
35.0
8.4
14.0
29.4
28.0
15.4
1.4
43.4
25.2
79.8
40.6
2.8
72.8
54.6
11.2
15.4
1.4
9.8
35.0
12.6
21.0
140.0
9.8
2.8
21.0
14.0
40.6
16.8
30.8
21.0
1.4
39.2
47.6
16.8
8.4
21.0
11.2
16.8
23.8
67.2
19.6
26.6
140.0
5.6
8.4
7.0
26.6
26.6
8.4
4.2
7.0
60.2
32.2
9.8
78.4
36.4
35.0
9.8
44.8
29.4
14.0
11.2
74.2
50.4
8.4
7.0
5.6
140.0
14.0
7.0
14.0
9.8
16.8
4.2
14.0
79.8
23.8
37.8
7.0
25.2
40.6
7.0
11.2
4.2
51.8
12.6
11.2
54.6
29.4
18.2
7.0
11.2
1.4
7.0
140.0
9.8
19.6
4.2
19.6
9.8
12.6
33.6
30.8
8.4
12.6
39.2
18.2
18.2
140.0
21.0
16.8
15.4
29.4
15.4
2.8
140.0
89.6
19.6
39.2
26.6
18.2
36.4
1.4
140.0
103.6
140.0
30.8
16.8
37.8
86.8
47.6
37.8
11.2
15.4
5.6
19.6
14.0
23.8
8.4
140.0
23.8
9.8
11.2
12.6
11.2
18.2
9.8
26.6
7.0
140.0
71.4
40.6
23.8
9.8
8.4
16.8
8.4
14.0
23.8
18.2
22.4
29.4
25.2
7.0
26.6
140.0
36.4
7.0
8.4
50.4
32.2
68.6
8.4
15.4
2.8
29.4
36.4
12.6
26.6
5.6
7.0
79.8
35.0
11.2
21.0
5.6
8.4
8.4
15.4
7.0
7.0
23.8
127.4
18.2
140.0
99.4
32.2
140.0
2.8
4.2
7.0
19.6
21.0
1.4
25.2
8.4
9.8
16.8
33.6
44.8
22.4
16.8
40.6
22.4
71.4
5.6
50.4
14.0
4.2
4.2
18.2
5.6
57.4
82.6
16.8
140.0
28.0
5.6
28.0
54.6
140.0
21.0
36.4
14.0
32.2
51.8
7.0
9.8
2.8
57.4
15.4
19.6
112.0
47.6
29.4
140.0
23.8
9.8
7.0
14.0
4.2
4.2
12.6
5.6
5.6
23.8
26.6
8.4
25.2
5.6
12.6
51.8
30.8
68.6
32.2
46.2
5.6
109.2
32.2
15.4
8.4
19.6
11.2
8.4
25.2
5.6
18.2
29.4
49.0
35.0
29.4
8.4
25.2
4.2
18.2
15.4
9.8
11.2
9.8
30.8
140.0
12.6
29.4
14.0
8.4
18.2
2.8
25.2
9.8
9.8
2.8
54.6
72.8
44.8
15.4
18.2
46.2
16.8
11.2
37.8
16.8
86.8
12.6
2.8
140.0
37.8
140.0
11.2
11.2
37.8
39.2
7.0
28.0
32.2
11.2
2.8
30.8
5.6
46.2
5.6
22.4
8.4
72.8
12.6
37.8
11.2
1.4
67.2
79.8
7.0
140.0
12.6
29.4
70.0
23.8
40.6
11.2
140.0
18.2
2.8
12.6
32.2
140.0
1.4
44.8
1.4
37.8
60.2
140.0
42.0
21.0
14.0
5.6
11.2
7.0
140.0
42.0
7.0
7.0
140.0
14.0
12.6
140.0
7.0
18.2
56.0
9.8
77.0
12.6
2.8
33.6
140.0
4.2
88.2
9.8
19.6
53.2
4.2
11.2
29.4
26.6
35.0
2.8
4.2
140.0
51.8
8.4
7.0
2.8
60.2
26.6
40.6
18.2
7.0
37.8
43.4
47.6
8.4
22.4
35.0
25.2
32.2
21.0
5.6
36.4
4.2
17.5
2.1
30.1
20.3
31.5
39.9
66.5
140.0
30.1
4.9
42.7
16.1
16.1
37.1
67.9
24.5
49.7
35.7
2.1
44.1
0.7
17.5
24.5
16.1
60.9
51.1
6.3
25.9
140.0
23.1
70.7
0.7
27.3
7.7
6.3
77.7
20.3
17.5
9.1
34.3
52.5
140.0
60.9
66.5
6.3
107.1
62.3
49.7
6.3
34.3
18.9
140.0
51.1
11.9
48.3
34.3
4.9
84.7
31.5
140.0
140.0
16.1
31.5
49.7
16.1
56.7
45.5
109.9
140.0
45.5
27.3
13.3
140.0
69.3
53.9
140.0
16.1
140.0
31.5
20.3
101.5
10.5
32.9
21.7
58.1
15.4
14.0
5.6
18.2
1.4
1.4
30.45
140.0
10.85
17.85
140.0
20.65
6.65
9.45
61.25
59.85
1.05
8.05
19.25
140.0
6.65
6.65
6.65
75.25
64.05
31.85
8.05
140.0
15.05
97.65
3.85
36.05
23.45
8.05
34.65
22.05
34.65
26.25
31.85
5.25
36.05
48.65
45.85
3.85
12.25
20.65
82.25
9.45
48.65
29.05
140.0
31.85
140.0
33.25
140.0
26.25
16.45
12.25
140.0
140.0
34.65
13.65
85.05
13.65
12.25
69.65
140.0
37.45
140.0
52.85
9.45
12.25
36.05
140.0
13.65
10.85
27.65
10.85
140.0
44.45
140.0
93.45
27.65
19.25
30.45
55.65
94.85
45.85
140.0
140.0
17.85
55.65
140.0
24.85
30.45
6.65
54.25
140.0
140.0
140.0
94.85
15.05
13.65
17.85
37.45
13.65
41.65
31.85
13.65
64.05
45.85
1.05
15.05
99.05
23.45
38.85
62.65
140.0
13.65
38.85
37.45
15.05
8.05
22.05
13.65
82.25
114.45
26.25
10.85
107.45
16.45
29.05
48.65
140.0
34.65
9.45
140.0
78.05
140.0
64.05
66.85
140.0
140.0
20.65
12.25
15.05
52.85
10.85
22.05
38.85
140.0
27.65
6.65
10.85
43.05
12.25
38.85
27.65
13.65
24.85
43.05
47.25
15.05
12.25
22.05
23.45
12.25
140.0
30.45
140.0
19.25
65.45
50.05
30.45
140.0
13.65
17.85
140.0
37.45
16.45
31.85
22.05
13.65
19.25
15.05
19.25
38.85
140.0
76.65
140.0
37.45
59.85
62.65
108.85
16.45
10.85
5.25
140.0
16.45
44.45
54.25
140.0
51.45
24.85
140.0
64.05
5.25
3.85
20.65
17.85
38.85
92.05
19.25
140.0
140.0
140.0
3.85
12.25
30.45
5.25
2.45
13.65
140.0
15.05
13.65
140.0
19.25
92.05
118.65
22.05
22.05
16.45
9.45
10.85
96.25
140.0
16.45
58.45
89.25
92.05
37.45
16.45
33.25
13.65
13.65
33.25
66.85
12.25
2.45
1.05
68.25
2.45
17.85
15.05
13.65
26.25
140.0
19.25
48.65
140.0
58.45
57.05
62.65
5.25
24.85
6.65
140.0
3.85
10.85
30.45
121.45
30.45
52.85
6.65
47.25
12.25
2.45
89.25
140.0
13.65
140.0
37.45
140.0
140.0
140.0
15.05
140.0
140.0
8.05
65.45
19.25
45.85
140.0
10.85
140.0
140.0
140.0
8.05
140.0
115.85
55.65
78.05
140.0
41.65
3.85
9.45
140.0
54.25
24.85
9.45
33.25
140.0
16.45
69.65
20.65
92.05
10.85
73.85
90.65
59.85
10.85
30.45
8.05
38.85
26.25
15.05
47.25
27.65
19.25
19.25
8.05
108.85
75.25
13.65
6.65
140.0
8.05
13.65
6.65
36.05
140.0
22.05
57.05
51.45
10.85
140.0
96.25
82.25
71.05
30.45
140.0
61.25
16.45
10.85
140.0
64.05
20.65
140.0
3.85
15.05
140.0
140.0
38.85
115.85
23.45
93.45
44.45
2.45
128.45
19.25
61.25
100.45
19.25
61.25
2.45
140.0
16.45
20.65
6.65
9.45
140.0
23.45
107.45
19.25
8.05
19.25
13.65
10.85
111.65
29.05
58.45
97.65
140.0
24.85
59.85
38.85
29.05
40.25
16.45
140.0
10.85
12.25
37.45
15.05
47.25
12.25
12.25
140.0
45.85
79.45
24.85
29.05
22.05
17.85
140.0
6.65
5.25
62.65
15.05
12.25
13.65
20.65
140.0
17.85
52.85
30.45
90.65
114.45
51.45
140.0
40.25
3.85
3.85
23.45
16.45
3.85
8.05
23.45
50.05
96.25
10.85
2.45
8.05
72.45
140.0
37.45
24.85
38.85
8.05
37.45
13.65
100.45
23.45
34.65
45.85
115.85
17.85
48.65
16.45
24.85
27.65
140.0
140.0
93.45
6.65
140.0
24.85
140.0
30.45
38.85
30.45
19.25
23.45
12.25
140.0
51.45
40.25
8.05
13.65
69.65
19.25
34.65
10.85
36.05
17.85
140.0
9.45
8.05
64.05
57.05
17.85
140.0
9.45
48.65
16.45
52.85
12.25
140.0
24.85
31.85
50.05
72.45
17.85
10.85
13.65
10.85
24.85
140.0
34.65
10.85
3.85
99.05
34.65
15.05
13.65
64.05
12.25
44.45
6.65
10.85
9.45
78.05
140.0
10.85
103.25
27.65
38.85
17.85
29.05
37.45
43.05
30.45
140.0
15.05
140.0
54.25
29.05
20.65
140.0
23.45
108.85
31.85
10.85
34.65
26.25
5.25
10.85
50.05
17.85
140.0
6.65
24.85
140.0
104.65
140.0
20.65
22.05
23.45
13.65
45.85
38.85
45.85
44.45
140.0
6.65
52.85
20.65
2.45
140.0
20.65
23.45
140.0
16.45
15.05
17.85
140.0
16.45
20.65
58.45
140.0
57.05
140.0
5.25
17.85
24.85
93.45
140.0
27.65
140.0
75.25
140.0
