2.8
11.2
18.2
8.4
37.8
124.6
14.0
2.8
1.4
14.0
25.2
4.2
5.6
9.8
25.2
22.4
54.6
1.4
9.8
2.8
1.4
29.4
2.8
5.6
1.4
11.2
19.6
1.4
14.0
15.4
15.4
18.2
11.2
140.0
46.2
26.6
4.2
140.0
16.8
29.4
9.8
60.2
14.0
75.6
9.8
95.2
8.4
140.0
12.6
50.4
30.8
14.0
14.0
8.4
9.8
9.8
11.2
7.0
1.4
37.8
29.4
14.0
11.2
15.4
26.6
8.4
140.0
15.4
35.0
9.8
5.6
15.4
16.8
46.2
8.4
14.0
9.8
140.0
14.0
14.0
60.2
36.4
7.0
140.0
140.0
43.4
18.2
8.4
30.8
4.2
1.4
12.6
9.8
70.0
30.8
56.0
9.8
11.2
37.8
22.4
4.2
140.0
5.6
5.6
7.0
9.8
8.4
11.2
126.0
9.8
5.6
33.6
19.6
8.4
43.4
1.4
5.6
14.0
5.6
8.4
4.2
12.6
36.4
18.2
11.2
21.0
32.2
8.4
5.6
19.6
32.2
7.0
14.0
8.4
4.2
8.4
19.6
53.2
21.0
5.6
4.2
15.4
29.4
39.2
30.8
8.4
11.2
14.0
19.6
15.4
5.6
140.0
140.0
4.2
14.0
14.0
11.2
23.8
21.0
15.4
16.8
44.8
9.8
61.6
16.8
5.6
16.8
22.4
74.2
7.0
9.8
12.6
7.0
9.8
18.2
14.0
19.6
9.8
7.0
29.4
8.75
10.15
17.15
0.35
15.75
15.75
0.35
5.95
8.75
4.55
4.55
10.15
140.0
19.95
140.0
0.35
0.35
32.55
8.75
11.55
3.15
7.35
7.35
0.35
21.35
10.15
33.95
21.35
21.35
25.55
33.95
14.35
12.95
10.15
7.35
1.75
12.95
12.95
0.35
63.35
8.75
4.55
53.55
17.15
17.15
45.15
5.95
3.15
5.95
5.95
1.75
5.95
18.55
1.75
14.35
4.55
3.15
1.75
19.95
12.95
12.95
8.75
49.35
29.75
12.95
8.75
15.75
14.35
3.15
1.75
1.75
8.75
14.35
12.95
14.35
17.15
140.0
0.35
3.15
14.35
15.75
7.35
12.95
21.35
18.55
14.35
11.55
73.15
1.75
10.15
64.75
14.35
0.35
10.15
8.75
7.35
7.35
10.15
15.75
36.75
10.15
17.15
10.15
12.95
5.95
8.75
140.0
140.0
8.75
1.75
3.15
7.35
15.75
12.95
8.75
17.15
5.95
45.15
140.0
7.35
7.35
11.55
17.15
10.15
11.55
15.75
10.15
14.35
12.95
4.55
11.55
38.15
46.55
140.0
39.55
1.75
0.35
15.75
5.95
4.55
36.75
106.75
17.15
10.15
54.95
59.15
140.0
12.95
26.95
21.35
4.55
11.55
10.15
11.55
36.75
35.35
57.75
7.35
15.75
24.15
8.75
3.15
7.35
26.95
53.55
5.95
19.95
42.35
10.15
19.95
12.95
140.0
19.95
21.35
10.15
12.95
3.15
11.55
99.75
11.55
22.75
33.95
17.15
39.55
7.35
74.55
21.35
24.15
18.55
17.15
19.95
140.0
10.15
11.55
18.55
14.35
140.0
94.15
140.0
7.35
11.55
24.15
7.35
5.95
18.55
4.55
17.15
17.15
28.35
4.55
33.95
7.35
56.35
120.75
56.35
8.75
17.15
38.15
12.95
67.55
5.95
10.15
17.15
63.35
10.15
17.15
10.15
21.35
29.75
7.35
5.95
40.95
14.35
7.35
52.15
5.95
1.05
8.05
2.45
2.45
33.25
31.85
3.85
1.05
5.25
9.45
10.85
8.05
15.05
1.05
9.45
1.05
16.45
100.45
16.45
30.45
6.65
2.45
1.05
10.85
5.25
13.65
6.65
12.25
115.85
15.05
5.25
140.0
140.0
12.25
110.25
140.0
2.45
1.05
6.65
38.85
43.05
5.25
15.05
1.05
47.25
8.05
16.45
3.85
5.25
6.65
6.65
2.45
6.65
5.25
20.65
122.85
43.05
13.65
27.65
2.45
43.05
27.65
1.05
2.45
5.25
8.05
16.45
13.65
59.85
6.65
61.25
140.0
24.85
5.25
12.25
8.05
43.05
43.05
26.25
23.45
13.65
10.85
1.05
8.05
6.65
6.65
20.65
1.05
2.45
13.65
17.85
15.05
19.25
57.05
30.45
10.85
8.05
1.05
3.85
140.0
51.45
10.85
140.0
54.25
6.65
12.25
9.45
3.85
30.45
27.65
29.05
13.65
17.85
104.65
37.45
6.65
9.45
2.45
140.0
2.45
24.85
5.25
5.25
8.05
12.25
8.05
19.25
13.65
6.65
2.45
15.05
24.85
22.05
1.05
17.85
34.65
10.85
8.4
33.6
7.0
5.6
57.4
5.6
4.2
11.2
8.4
19.6
16.8
12.6
19.6
21.0
19.6
42.0
16.8
8.4
8.4
1.4
61.6
15.4
15.4
2.8
21.0
30.8
43.4
8.4
140.0
14.0
1.4
7.0
11.2
23.8
7.0
95.2
5.6
7.0
9.8
15.4
33.6
15.4
14.0
49.0
18.2
140.0
15.4
44.8
51.8
15.4
28.0
15.4
9.8
1.4
22.4
16.8
7.0
15.4
18.2
37.8
9.8
47.6
11.2
7.0
56.0
15.4
7.0
8.4
7.0
88.2
2.8
140.0
2.8
71.4
22.4
8.4
47.6
5.6
11.2
2.8
11.2
8.4
15.4
78.4
5.6
21.0
8.4
15.4
89.6
5.6
7.0
4.2
5.6
2.8
5.6
16.8
12.6
15.4
7.0
16.8
37.8
50.4
2.8
7.0
8.4
8.4
33.6
9.8
9.8
5.6
1.4
29.4
22.4
14.0
16.8
140.0
2.8
8.4
2.8
91.0
33.6
18.2
4.2
7.0
18.2
7.0
70.0
8.4
140.0
18.2
8.4
1.4
21.0
18.2
11.2
11.2
5.6
35.0
9.8
32.2
15.4
92.4
57.4
12.6
2.8
9.8
29.4
8.4
14.0
4.2
74.2
5.6
14.0
1.4
11.2
8.4
4.2
2.8
2.8
8.4
9.8
12.6
2.8
5.6
9.8
14.0
23.8
21.0
68.6
19.6
4.2
12.6
4.2
12.6
1.4
78.4
15.4
1.4
7.0
4.2
12.6
36.4
11.2
11.2
1.4
54.6
1.4
2.8
7.0
49.0
14.0
4.2
1.4
4.2
8.4
35.0
8.4
14.0
8.4
14.0
1.4
2.8
5.6
15.4
19.6
4.2
51.8
23.8
35.0
12.6
2.8
79.8
46.2
57.4
79.8
4.2
5.6
61.6
140.0
11.2
11.2
11.2
18.2
9.8
42.0
26.6
5.6
4.2
32.2
14.0
67.2
78.4
39.2
32.2
1.4
9.8
4.2
28.0
5.6
14.0
54.6
12.6
26.6
42.0
18.2
5.6
22.4
7.0
63.0
140.0
25.2
78.4
5.6
14.0
96.6
11.2
11.2
15.4
1.4
2.8
9.8
21.0
7.0
12.6
140.0
4.2
35.0
140.0
7.0
140.0
7.0
53.2
8.4
4.2
4.2
63.0
33.6
40.6
140.0
7.0
140.0
43.4
11.2
7.0
5.6
103.6
9.8
51.8
11.2
85.4
12.6
2.8
14.0
58.8
51.8
140.0
29.4
22.4
22.4
21.0
4.2
7.0
16.8
84.0
140.0
18.2
9.8
91.0
16.8
7.0
25.2
22.4
11.2
11.2
4.2
36.4
7.0
23.8
54.6
7.0
8.4
21.0
5.6
9.8
19.6
5.6
63.0
12.6
16.8
140.0
85.4
11.2
8.4
70.0
14.0
