8
12
10
32
98
1
7
5
1
98
11
7
1
49
0
12
16
1
37
98
13
2
2
5
7
58
1
4
1
3
64
7
5
1
7
2
3
98
19
23
69
7
2
1
98
4
22
2
15
1
3
57
1
30
18
9
8
11
98
98
14
7
4
98
7
98
60
46
31
5
2
98
1
52
6
4
8
11
7
8
97
98
7
9
98
10
26
49
14
20
4
10
2
13
28
11
15
13
77
0
12
6
10
2
14
9
98
6
2
16
98
2
4
2
2
3
24
3
20
12
3
55
38
5
6
4
98
98
6
39
5
2
9
2
98
98
98
98
4
20
20
35
33
12
79
32
1
11
13
12
10
16
3
11
4
5
69
2
31
98
98
7
14
3
7
2
98
98
18
18
2
6
4
4
98
3
78
2
7
24
98
28
98
7
14
16
10
5
19
42
5
24
98
6
49
98
7
98
15
2
8
31
2
98
2
13
4
98
14
7
4
98
39
3
7
39
2
4
98
98
98
15
4
6
3
98
98
16
98
8
16
11
20
43
6
9
7
5
50
13
1
7
8
21
15
11
16
23
2
12
8
7
33
98
10
3
98
16
5
18
8
12
11
2
10
29
13
98
4
2
2
98
7
2
7
8
14
98
2
98
98
9
2
98
9
5
6
34
8
15
32
98
9
5
4
21
98
98
98
4
98
98
98
4
98
98
4
98
12
38
10
39
17
21
74
98
5
47
2
2
2
4
26
2
8
47
5
98
0
17
98
98
11
2
98
14
16
4
8
35
10
10
9
2
3
98
8
6
11
39
8
6
10
5
14
98
98
5
2
98
6
16
42
17
77
15
6
3
98
9
21
13
98
2
6
3
5
12
8
4
10
98
12
2
6
42
10
5
98
13
9
98
3
4
98
23
8
36
5
98
98
8
21
98
11
13
18
13
31
98
11
1
18
31
12
9
9
15
28
12
5
98
41
6
3
12
6
3
3
44
8
20
7
45
3
80
6
13
2
6
98
2
4
10
15
8
98
3
98
98
2
4
22
13
98
28
98
3
4
15
98
8
6
2
17
4
98
6
6
98
13
98
98
98
98
6
2
49
7
20
11
98
2
98
51
30
98
98
4
5
41
17
98
10
6
10
8
0
98
5
98
8
3
32
11
29
6
13
12
20
4
98
4
98
98
7
47
7
4
6
3
2
27
14
7
31
49
14
16
5
37
8
10
7
15
5
9
35
98
2
98
2
3
13
98
27
98
18
98
2
2
25
12
6
67
10
98
0
3
98
4
7
16
98
98
8
0
9
4
9
4
8
1
5
5
43
1
15
8
98
98
2
10
84
98
14
4
98
18
1
3
6
2
10
25
98
4
2
12
12
9
17
6
98
8
14
3
14
98
33
10
2
9
22
9
1
77
98
2
0
14
85
2
9
4
7
11
2
37
98
12
5
4
2
2
98
19
9
98
98
5
4
3
18
5
16
14
81
25
9
9
3
98
24
10
98
39
25
2
9
98
98
2
5
39
8
15
24
34
8
3
8
6
24
10
15
13
8
98
10
6
10
3
12
98
98
15
11
6
5
8
17
90
34
5
98
4
98
4
8
98
98
2
98
1
5
98
3
63
6
98
2
2
15
20
58
7
7
8
98
8
98
14
48
5
3
2
98
30
7
48
9
10
2
24
2
16
2
10
7
7
25
3
5
13
98
70
22
26
4
2
7
4
10
14
98
98
98
98
4
5
2
5
4
13
35
7
4
98
13
6
10
2
2
2
98
14
4
4
98
21
15
98
1
25
98
7
98
98
2
6
19
98
7
2
15
7
7
7
5
18
4
98
98
3
98
98
25
16
17
4
98
4
98
10
32
7
98
4
2
3
19
98
7
7
3
6
98
14
10
19
10
98
28
5
6
14
4
10
6
98
98
98
6
3
5
3
16
13
4
98
9
98
98
8
2
5
14
13
4
5
98
98
98
8
98
18
98
15
6
98
8
98
6
62
7
20
3
8
98
2
14
1
2
6
2
4
98
11
6
1
10
98
3
6
28
98
2
6
6
98
6
8
6
44
9
7
98
3
6
8
14
7
1
5
3
5
98
11
98
98
13
15
41
2
9
39
7
5
3
26
11
21
8
15
4
4
98
3
98
98
5
98
98
98
10
42
19
8
98
98
7
13
4
0
8
98
98
7
6
7
98
5
98
14
44
19
98
15
7
98
2
12
9
98
32
6
2
5
3
98
3
1
1
20
2
6
21
1
12
22
19
41
13
35
98
1
6
1
4
98
98
7
98
20
19
5
15
98
98
98
2
14
1
98
5
16
2
8
7
98
9
98
4
11
98
98
30
8
98
6
98
98
98
61
98
2
14
3
98
4
15
8
3
10
5
25
98
2
98
98
2
14
28
98
22
28
9
6
98
98
91
98
2
2
16
98
5
2
7
98
14
7
9
15
98
98
59
3
3
40
11
6
13
98
98
11
7
98
98
5
10
98
4
6
5
98
13
98
29
39
2
98
2
3
16
3
23
73
3
6
1
9
9
6
8
98
8
1
3
0
13
98
5
98
14
5
2
8
7
3
2
98
2
5
98
98
15
11
5
4
26
19
15
98
88
98
7
4
7
13
7
2
98
7
98
13
11
98
98
98
98
11
48
3
98
22
4
98
5
98
98
98
8
19
98
98
15
98
98
45
98
98
43
98
98
11
98
98
98
10
1
98
98
19
10
98
98
10
98
31
98
98
19
27
3
8
98
6
98
10
5
98
98
6
20
98
1
3
4
21
2
98
4
98
11
98
13
98
9
98
98
7
98
98
4
1
98
98
98
3
10
98
98
98
3
7
98
5
98
20
98
98
2
3
2
6
17
98
2
19
6
2
98
6
7
98
3
10
98
84
6
98
11
6
13
98
13
98
6
5
9
98
15
19
98
8
58
5
43
98
4
31
9
5
22
39
15
6
98
25
7
72
24
11
28
15
98
13
4
7
5
38
9
18
9
5
24
3
42
65
24
44
98
22
3
27
70
98
7
12
73
5
48
8
1
98
6
19
38
70
5
64
98
2
10
98
22
2
5
18
5
3
3
6
6
98
10
14
5
7
13
98
18
7
4
34
11
4
15
4
23
4
10
45
11
17
5
15
20
7
27
4
55
20
6
41
14
97
11
2
4
2
7
6
5
13
46
5
36
4
6
9
63
2
18
26
36
19
4
47
11
9
98
10
38
30
13
47
8
9
57
10
98
33
41
47
8
9
13
11
31
31
98
98
7
2
98
2
18
12
13
4
2
61
98
90
4
14
1
46
4
26
35
24
9
98
1
17
7
11
18
2
1
8
98
2
13
5
44
35
47
89
4
32
3
98
40
98
5
4
3
5
40
40
12
3
64
39
18
6
3
6
9
29
2
30
2
8
57
4
98
98
2
65
5
22
98
98
4
14
54
98
9
3
30
24
9
11
16
27
49
2
1
23
21
5
2
0
7
15
23
6
7
20
9
9
27
35
16
7
13
46
19
3
10
24
7
57
6
6
50
98
9
98
22
3
11
4
4
6
98
63
9
6
14
98
98
68
8
10
88
14
27
98
25
16
45
98
8
8
2
18
18
9
51
6
32
8
98
4
10
5
9
3
98
7
41
12
0
14
19
34
98
7
28
15
60
16
8
5
98
19
10
0
8
38
55
32
4
11
23
72
2
1
3
2
84
70
6
72
98
1
10
5
3
60
40
37
11
2
9
7
2
5
9
16
11
15
98
4
8
9
20
12
98
13
6
63
45
7
9
20
11
5
5
2
5
4
14
98
98
24
5
98
5
4
25
34
2
9
9
20
98
57
38
9
13
23
36
63
71
28
3
98
5
8
8
98
6
7
1
12
98
7
52
2
21
85
7
11
7
98
44
7
4
12
4
6
6
6
4
37
98
8
24
3
33
3
3
7
7
98
25
8
14
7
4
5
4
30
4
32
28
17
3
2
24
13
21
31
98
5
23
3
18
98
13
9
98
10
14
29
98
4
7
11
98
98
98
9
7
2
23
52
7
6
4
10
69
3
5
3
9
16
68
58
12
98
7
9
10
18
10
63
4
15
7
15
4
49
2
41
7
10
10
7
15
7
98
16
5
66
98
98
4
4
11
7
98
98
5
12
81
11
98
26
5
5
6
17
98
4
10
15
98
98
14
4
6
98
2
98
3
98
8
7
18
1
19
98
9
1
98
40
8
98
2
98
7
6
3
20
35
16
4
2
4
11
2
5
98
31
8
9
8
3
11
1
15
98
8
5
32
98
7
23
98
11
98
5
16
21
30
8
98
20
9
4
6
16
98
6
7
9
5
7
3
4
98
5
23
98
5
6
6
98
32
6
4
5
28
98
9
11
57
61
98
31
61
7
8
44
64
1
10
58
84
98
5
12
21
10
12
13
55
5
3
13
2
98
64
5
13
98
20
9
1
9
52
3
98
9
4
98
3
24
9
1
3
10
39
35
2
12
91
2
98
7
9
36
8
4
3
23
98
38
4
84
98
13
16
33
9
5
6
3
24
98
18
4
9
20
14
6
66
30
1
7
15
98
7
54
17
7
54
31
10
3
1
3
24
7
3
98
2
98
98
3
98
3
10
5
98
3
58
7
2
6
98
98
9
24
98
20
6
98
6
98
28
43
4
9
98
23
2
98
98
37
3
4
9
67
6
98
16
3
1
98
98
7
10
18
98
11
32
6
10
98
46
98
11
15
7
24
8
5
5
2
8
98
18
0
22
98
11
8
15
42
1
9
18
7
10
98
26
98
20
42
98
98
14
4
6
45
28
33
3
36
3
3
13
6
98
5
16
9
7
9
9
19
1
33
98
9
5
23
2
98
46
59
7
2
29
6
3
5
18
98
38
13
41
27
8
3
22
6
98
73
33
34
98
14
3
43
98
98
5
16
98
52
4
5
15
71
23
2
12
25
2
2
65
11
17
98
4
3
6
98
5
6
98
98
2
15
98
98
8
15
7
1
98
30
21
36
9
98
98
4
9
98
31
6
2
6
32
2
98
7
11
98
29
24
44
98
15
90
10
7
24
5
4
10
6
6
17
5
9
5
51
1
28
6
2
35
11
2
11
53
4
9
2
8
9
28
1
67
5
28
98
10
98
3
3
5
24
4
2
39
1
28
98
98
7
3
98
2
3
98
69
2
16
24
41
61
2
5
10
64
2
12
7
98
1
2
5
9
47
14
15
98
98
2
6
17
5
20
8
2
12
13
98
47
6
67
44
44
98
6
43
2
4
98
18
78
9
6
11
5
5
53
4
98
36
98
52
3
41
2
22
2
98
98
2
3
57
2
4
7
3
13
7
4
7
3
37
98
9
10
29
21
9
20
98
16
98
45
14
9
2
15
51
41
2
8
98
10
7
16
7
98
51
29
11
6
3
17
6
7
98
98
2
9
33
5
6
2
4
12
10
98
14
14
10
7
32
3
8
98
7
5
98
98
98
8
98
14
15
9
76
36
98
9
10
6
5
9
98
98
18
17
5
17
6
5
98
16
98
50
9
4
98
7
4
98
19
2
4
15
46
25
4
34
98
8
98
3
98
12
6
98
4
6
1
10
6
5
3
29
42
98
40
24
22
6
81
9
2
3
2
32
4
2
98
47
13
3
16
21
57
16
1
6
5
22
2
57
13
2
10
42
98
4
43
2
6
69
15
37
4
98
5
11
5
19
13
16
3
3
8
5
98
5
12
65
7
2
98
6
3
3
3
11
2
29
6
98
3
98
40
4
8
98
94
7
98
83
66
2
98
22
3
98
7
39
10
6
4
6
98
5
18
4
2
11
5
9
22
59
8
84
22
7
12
3
31
14
3
98
24
98
7
6
9
58
4
7
7
14
18
5
98
5
7
7
9
98
6
10
60
61
3
6
40
47
7
8
3
38
98
4
72
9
2
98
17
8
7
6
3
7
8
98
98
26
98
11
58
14
9
88
3
1
98
8
3
5
2
4
98
5
20
2
68
3
28
1
98
3
7
2
98
9
4
10
29
21
8
15
3
4
2
11
3
6
14
5
5
77
2
4
31
98
24
4
23
7
18
98
9
6
2
40
1
35
8
32
98
46
16
98
5
70
98
2
8
2
16
59
3
5
2
5
2
35
4
2
3
49
5
2
98
4
4
36
11
20
98
7
2
98
15
10
6
6
2
98
1
13
2
27
3
14
8
56
98
3
98
98
20
3
6
7
98
1
12
98
10
98
3
5
4
13
32
34
2
5
28
1
47
8
27
6
7
55
98
22
6
4
3
6
4
4
2
6
98
47
2
10
98
98
4
4
6
4
9
98
44
25
98
2
6
8
8
98
2
2
2
10
2
4
62
16
9
98
34
3
7
10
6
21
2
13
7
6
19
3
9
3
4
22
4
53
2
98
3
20
4
2
98
7
98
30
3
32
3
36
4
30
8
6
22
11
8
2
24
6
4
9
3
10
6
59
28
5
14
2
16
4
67
2
3
29
11
16
2
8
3
2
6
3
98
3
3
4
47
75
2
2
9
5
25
98
5
13
7
8
98
35
6
15
6
98
2
6
3
3
98
8
5
6
2
24
20
4
2
84
7
98
2
98
98
4
11
44
98
77
11
51
2
4
6
4
40
65
1
6
98
8
6
17
35
2
8
3
4
13
10
7
47
7
15
15
8
9
8
12
11
35
4
4
9
37
16
6
3
4
34
43
4
2
6
3
5
23
3
5
6
98
8
6
3
5
4
30
20
1
6
2
98
1
3
53
63
80
5
21
74
98
7
2
98
8
5
9
6
23
4
3
1
98
9
98
9
5
20
14
4
13
7
16
50
4
9
13
7
5
12
12
17
3
26
98
13
6
22
13
2
2
2
4
3
8
10
10
8
5
8
19
5
7
2
12
7
98
7
3
2
22
19
2
71
10
77
5
3
7
1
7
8
2
4
10
5
22
2
5
5
6
2
3
2
98
54
6
27
45
17
4
22
3
17
2
13
98
4
10
98
4
20
6
2
7
98
11
2
7
10
59
9
26
8
4
16
7
2
5
2
38
5
3
6
0
6
12
82
98
98
7
22
9
44
58
9
16
12
38
98
1
55
6
98
47
5
22
9
3
5
8
14
3
6
13
8
41
4
46
7
11
32
95
5
8
10
4
7
3
5
4
7
9
10
98
2
87
4
4
2
40
33
22
98
57
7
98
98
7
21
9
98
11
98
5
7
2
98
3
98
6
8
14
9
6
7
25
25
7
19
1
11
29
6
8
7
22
23
7
2
6
2
3
8
22
5
12
98
77
3
6
8
14
8
98
2
13
7
5
98
5
9
1
7
98
98
55
15
62
3
20
6
6
2
2
18
3
2
10
11
2
10
0
2
4
98
0
5
98
98
5
10
3
11
98
10
5
5
10
6
98
7
98
98
5
3
11
8
14
98
20
2
10
7
9
3
6
98
3
98
7
5
0
2
98
20
98
7
26
10
98
9
36
98
71
98
5
29
6
1
7
2
98
4
4
3
46
4
28
7
9
21
5
31
2
3
3
98
15
4
11
12
2
23
37
98
19
4
26
18
24
3
9
3
3
7
10
33
24
21
8
58
2
23
6
64
23
10
6
4
2
98
3
3
98
98
7
98
26
98
10
3
5
16
6
7
14
3
26
10
15
98
9
4
5
2
2
4
23
43
9
98
37
3
98
3
4
2
98
6
98
2
10
2
2
98
7
98
12
7
14
58
4
5
2
3
2
6
9
28
3
98
2
6
98
27
23
43
9
4
8
98
2
2
8
13
4
2
10
2
10
2
26
4
13
98
4
16
11
7
5
98
43
3
3
7
4
9
13
3
6
9
4
27
7
3
9
26
5
71
16
9
13
10
18
3
2
2
4
1
3
17
10
13
2
0
4
7
98
9
4
2
46
13
5
31
98
19
13
7
98
14
9
20
98
20
6
18
4
2
5
8
11
1
98
12
98
2
8
10
39
12
98
18
6
8
11
0
7
5
1
2
9
18
13
8
7
98
37
6
16
14
2
98
98
10
23
2
98
3
2
8
6
27
41
5
2
4
2
11
2
9
8
98
15
3
24
11
34
63
17
2
98
46
3
6
23
18
5
5
7
98
98
8
17
9
16
5
98
5
9
5
48
1
56
98
26
11
98
29
98
8
98
98
98
3
4
2
11
98
2
5
2
11
5
10
6
8
2
1
1
3
98
23
98
16
10
6
11
6
6
7
2
3
14
10
17
98
