10
61
98
16
5
13
5
18
11
98
98
98
8
98
6
83
98
98
2
98
19
13
2
4
21
32
38
4
15
1
66
15
2
12
2
98
16
8
24
24
19
81
98
8
8
29
15
24
33
2
98
54
12
98
18
98
30
2
2
5
11
14
2
46
98
98
6
12
98
2
4
98
6
8
41
13
31
98
8
12
7
53
43
5
11
12
9
9
14
20
27
11
98
54
4
10
8
3
10
18
4
2
98
17
76
5
49
2
98
3
98
98
8
35
9
49
24
6
68
20
11
17
7
10
9
19
83
26
98
9
3
5
2
98
98
16
98
5
5
6
4
8
9
8
98
3
98
15
98
71
41
28
2
53
8
14
98
3
96
43
13
7
5
15
98
2
98
24
9
3
98
2
98
16
98
98
5
27
12
36
15
40
14
4
57
4
17
6
3
27
6
7
98
98
6
36
64
6
2
5
2
18
5
49
48
14
98
10
40
7
98
25
4
30
7
13
2
4
4
12
16
34
14
4
27
9
98
16
98
51
4
86
5
41
98
13
98
6
2
28
7
43
98
98
98
40
4
98
41
98
10
15
67
68
16
29
50
20
16
98
38
84
7
23
7
17
11
98
3
7
81
98
41
4
98
35
7
98
30
5
6
98
4
6
9
98
5
98
36
98
98
6
3
14
6
28
33
33
8
7
26
83
98
8
98
98
35
16
5
4
50
98
15
15
5
11
11
23
10
4
3
2
22
34
6
7
9
2
98
4
7
7
3
98
55
59
5
15
21
32
71
98
2
3
9
6
19
98
9
0
38
13
3
3
29
4
10
32
6
18
3
3
9
98
29
12
3
12
2
98
1
36
2
5
5
9
17
18
41
35
75
28
98
53
3
16
6
30
15
5
7
74
6
60
66
7
8
2
2
13
11
34
4
58
30
81
7
4
2
55
98
28
98
7
6
2
5
2
43
9
22
8
2
2
97
2
27
13
98
98
11
35
54
17
17
3
98
5
28
8
48
98
28
6
98
74
4
7
98
10
98
21
7
98
4
10
14
98
8
11
18
14
48
98
2
25
7
83
43
48
30
98
21
35
98
7
10
59
11
2
4
25
8
14
7
10
20
8
2
12
60
2
40
4
2
23
37
36
2
59
22
61
65
71
13
7
15
29
22
4
3
18
17
20
8
3
98
8
8
98
98
23
8
7
2
23
72
30
2
2
43
24
6
98
4
13
8
5
98
10
9
11
4
6
3
31
74
8
10
1
15
16
3
98
9
21
13
98
3
16
62
60
35
98
5
15
9
98
50
5
5
12
11
3
4
10
98
98
98
98
38
98
16
98
1
13
5
6
6
18
3
98
2
15
16
92
17
2
98
15
11
21
6
6
10
39
2
8
98
13
98
98
98
47
10
53
98
19
9
3
16
5
12
5
6
26
6
11
8
98
25
22
40
3
26
67
98
98
5
98
26
2
9
82
3
18
96
4
98
98
39
51
10
38
78
24
76
98
8
98
98
3
10
2
52
29
13
98
23
24
98
7
98
46
2
3
75
88
6
7
98
8
3
16
6
98
98
5
1
16
5
6
1
2
98
3
41
23
25
12
23
26
7
44
3
4
72
2
4
8
5
4
65
21
8
4
2
98
18
24
98
10
23
95
11
98
92
26
6
4
4
65
8
6
8
3
98
16
5
2
98
1
87
4
98
6
49
6
62
33
12
17
3
37
8
16
23
98
91
98
44
55
16
98
49
2
35
13
13
2
4
5
6
2
2
11
20
98
51
3
3
8
98
6
15
98
2
8
16
3
3
98
98
23
6
98
17
98
3
2
5
59
9
14
98
28
29
46
46
94
6
32
2
7
15
23
21
2
16
98
2
48
5
5
18
10
90
45
58
8
9
98
3
3
8
23
6
25
60
94
2
2
6
98
64
8
9
13
2
52
19
8
6
19
4
49
2
3
4
11
4
25
7
11
3
23
66
2
61
67
9
72
2
30
84
2
3
4
3
5
98
23
15
32
11
11
31
37
98
4
50
4
12
29
2
8
38
83
98
7
13
8
98
98
29
5
6
98
37
5
16
43
98
98
5
98
4
3
33
98
94
2
5
5
67
9
17
20
26
7
96
13
77
10
10
8
6
5
98
14
13
22
45
98
98
79
14
35
5
6
38
39
70
98
2
98
10
21
20
12
5
10
75
9
11
57
9
18
30
13
98
1
49
98
1
15
98
98
68
18
7
2
15
49
1
41
6
54
89
6
98
50
24
4
39
8
3
10
98
8
2
13
48
71
98
28
98
7
5
19
7
87
5
13
21
2
2
5
3
2
98
6
4
98
13
2
70
14
9
14
2
15
16
36
74
2
4
71
13
7
54
14
98
7
12
23
5
98
12
43
98
10
5
2
3
4
59
2
4
98
60
4
6
8
6
19
12
7
32
4
2
10
38
5
13
1
98
17
98
6
9
18
10
17
57
4
33
2
98
18
98
96
2
23
98
24
5
7
6
15
98
98
90
34
11
98
8
98
88
91
98
6
33
98
2
8
30
38
98
11
2
98
13
3
12
45
82
1
15
7
21
11
56
27
3
98
49
9
98
2
7
19
7
25
2
98
63
2
3
2
98
34
43
98
8
5
7
2
29
6
23
6
3
31
89
2
12
98
7
45
15
8
98
5
18
98
98
4
8
98
98
15
2
2
36
5
21
9
26
3
98
98
40
4
2
98
12
98
7
14
98
98
42
18
15
9
19
98
14
17
98
19
98
4
98
98
7
60
7
4
98
98
9
7
98
98
12
98
6
5
98
25
12
98
16
36
11
5
98
5
32
32
84
9
13
10
6
5
98
2
25
8
5
98
9
38
5
20
67
5
8
11
5
39
30
7
98
7
4
98
21
98
10
98
98
27
13
17
98
98
17
98
7
21
98
7
98
32
29
57
51
22
2
22
30
5
11
98
16
98
53
98
24
6
15
98
13
24
6
5
98
98
32
16
9
98
7
98
6
11
98
98
98
98
2
12
98
18
98
8
98
98
98
33
98
98
98
27
9
13
9
12
12
76
8
16
11
22
9
62
4
98
5
98
98
3
49
39
13
10
10
12
92
26
98
98
33
98
9
13
98
32
98
24
10
11
7
6
98
12
9
98
98
98
7
98
43
53
66
98
29
1
59
18
44
13
10
10
5
12
11
98
98
6
9
98
98
7
98
41
98
33
13
98
5
57
19
31
98
30
38
6
13
16
5
11
13
98
7
4
8
5
61
32
6
55
98
98
6
98
9
90
12
45
13
15
98
8
10
68
37
98
11
21
98
83
52
98
6
8
80
5
18
98
7
98
98
65
2
7
4
46
3
7
9
1
43
98
98
98
98
98
98
25
12
6
98
4
12
45
98
4
3
26
24
32
12
9
8
10
28
3
6
98
22
12
12
5
98
13
12
49
19
8
63
31
15
98
14
15
19
92
8
30
98
6
98
5
6
98
98
7
15
5
7
11
5
7
9
22
11
5
9
65
7
1
4
5
14
5
9
9
12
57
7
40
12
10
98
57
22
1
7
2
98
98
4
10
14
98
5
5
98
11
8
3
98
16
10
36
31
98
98
98
98
70
15
98
5
8
98
4
5
98
9
14
23
26
10
14
63
8
37
14
12
7
5
83
98
15
6
39
20
7
12
6
98
92
4
9
98
7
6
98
9
98
6
10
26
98
23
16
48
10
37
5
38
44
63
4
98
25
11
33
24
98
17
9
7
6
98
98
98
98
8
98
19
6
5
98
8
11
27
98
5
40
98
8
98
57
98
38
5
16
98
98
98
9
8
34
16
6
7
98
98
98
65
98
16
11
8
98
20
12
8
12
12
6
98
77
80
39
98
7
9
4
17
5
98
8
11
17
25
98
4
46
48
5
98
12
5
11
8
38
7
13
7
21
98
27
98
86
28
9
8
51
7
9
98
98
83
64
98
5
76
51
25
10
7
98
6
98
12
98
98
7
45
6
17
98
14
15
30
98
98
22
41
10
6
9
82
8
13
98
21
9
6
98
5
16
53
37
47
9
95
5
11
3
98
98
11
34
88
98
54
19
2
51
22
98
42
8
98
98
98
11
13
98
98
4
8
5
7
8
7
15
9
59
37
5
12
8
30
98
8
18
98
47
7
4
9
58
50
26
98
38
98
21
7
51
98
37
5
56
98
98
98
2
98
36
41
66
39
5
21
17
6
98
72
11
98
6
5
6
39
5
73
1
62
25
7
4
9
6
24
15
10
98
98
57
23
98
30
29
9
29
30
12
6
6
13
98
13
4
36
11
17
1
98
6
52
12
8
6
7
31
7
9
19
4
98
98
77
6
9
23
6
6
98
13
37
40
16
98
98
98
48
4
2
10
47
98
15
12
11
6
9
20
98
27
52
17
98
28
98
32
98
98
15
8
3
98
9
25
98
98
98
9
2
2
29
5
5
18
44
98
34
45
19
23
8
3
3
33
2
8
29
36
98
98
13
4
10
98
8
7
98
98
8
98
74
2
98
6
98
98
17
9
72
7
18
16
98
98
54
19
5
12
29
98
7
11
9
48
14
19
15
12
98
98
7
2
14
9
98
44
32
98
98
3
42
4
11
3
12
64
93
98
6
98
12
11
9
98
98
98
98
98
34
3
93
98
49
98
5
34
5
98
98
98
8
4
62
27
14
3
14
9
55
24
98
98
9
34
7
8
10
98
18
98
98
31
98
98
5
3
98
1
6
31
23
96
98
18
12
55
11
28
98
4
32
17
83
7
98
44
98
14
98
4
98
53
62
28
3
80
98
50
98
39
11
95
4
3
19
25
3
98
41
30
29
98
24
98
9
58
2
3
7
14
58
6
16
2
52
24
8
6
33
6
49
28
98
26
54
84
98
49
2
98
90
80
98
98
19
98
7
8
6
12
6
98
5
0
7
98
98
29
39
24
98
6
98
21
98
20
51
98
98
4
2
8
5
51
12
15
98
19
6
9
28
98
6
6
36
39
27
98
29
98
7
39
11
47
10
78
78
98
63
69
13
10
10
98
50
98
44
98
98
2
15
52
98
98
13
87
66
51
5
11
25
6
20
98
98
24
14
98
6
9
70
21
47
22
6
93
7
98
98
4
28
4
19
98
2
98
98
14
13
3
98
98
43
13
18
98
3
98
2
18
8
64
91
14
62
18
98
3
55
77
4
25
98
12
9
98
6
10
83
69
7
98
23
98
5
29
4
5
98
34
9
5
2
7
3
5
22
15
98
89
98
7
7
88
98
5
73
26
4
5
4
30
5
91
6
15
4
10
1
37
9
4
9
98
98
20
62
21
19
4
38
35
98
98
58
42
71
62
32
5
6
98
98
8
98
98
11
39
7
11
98
12
3
98
98
71
98
98
98
6
72
98
19
74
6
6
19
8
98
41
42
98
6
10
98
98
98
3
98
9
24
74
15
48
6
10
8
6
9
2
82
19
22
98
11
54
73
13
32
98
31
98
3
98
98
47
20
12
98
98
9
12
11
10
6
7
7
98
26
11
10
3
98
23
98
37
98
98
47
