98
1
63
6
4
11
15
13
19
62
9
8
19
98
98
6
9
12
15
10
13
4
19
7
3
6
21
10
25
24
41
21
10
36
45
28
98
6
7
9
28
8
19
21
13
22
18
8
17
21
9
9
15
10
98
13
30
9
24
6
31
10
8
46
11
77
98
33
9
54
44
98
6
19
67
5
14
7
9
36
16
12
39
17
8
22
11
6
98
16
3
13
7
16
10
7
53
16
18
13
98
6
19
20
11
10
12
55
98
41
38
8
85
7
16
98
98
10
38
98
11
11
44
48
7
11
45
5
45
12
15
17
12
16
38
98
8
20
10
53
3
4
9
22
40
14
39
98
14
6
12
4
11
18
33
15
11
6
45
36
22
10
81
12
82
10
47
52
7
19
98
20
9
98
10
12
9
13
10
8
5
8
40
19
10
20
7
14
5
21
8
24
27
10
24
2
12
8
35
6
24
25
28
12
8
98
22
14
21
24
15
16
7
86
98
27
98
9
22
10
9
15
6
11
16
92
67
98
6
17
17
8
10
13
0
10
3
39
32
10
10
18
7
10
7
7
34
4
10
22
20
98
9
98
8
37
2
47
5
30
7
11
8
10
24
16
21
46
7
67
16
7
8
98
98
12
9
44
98
12
8
4
21
42
72
7
5
15
45
8
18
8
10
4
12
20
14
12
10
10
19
31
40
6
39
14
1
14
24
4
98
10
8
98
10
7
6
33
10
65
11
18
18
11
27
9
10
44
33
2
24
10
21
12
27
12
98
25
3
7
15
5
98
28
15
28
7
12
31
53
34
8
15
7
16
11
98
86
9
7
98
10
4
98
9
9
48
18
2
35
33
35
9
5
31
9
8
4
15
98
30
14
9
67
82
6
3
3
8
10
18
55
8
10
10
20
22
98
29
14
23
6
5
12
21
10
31
44
18
84
17
9
45
10
14
11
21
19
21
7
15
7
11
8
8
12
34
16
21
10
26
12
17
6
22
8
4
13
22
9
45
42
28
20
17
8
91
11
27
7
10
8
16
37
8
5
13
31
7
10
53
10
5
12
27
19
22
98
16
58
98
6
94
98
24
10
41
98
9
2
58
8
13
18
7
10
26
29
5
9
12
9
18
98
40
2
3
18
18
7
19
9
17
12
18
98
27
84
2
57
98
8
6
36
20
12
12
27
44
22
16
34
98
16
69
16
98
12
5
13
21
9
10
28
5
7
16
11
9
18
4
4
36
5
10
18
71
15
6
98
8
17
6
49
6
28
17
98
98
12
5
33
2
9
10
6
5
4
11
35
47
37
12
13
24
11
17
9
28
31
24
19
16
11
18
98
4
19
98
98
68
86
11
3
25
45
14
18
23
8
5
8
26
98
15
98
44
29
70
98
8
8
15
24
13
16
27
6
6
40
46
33
4
20
11
6
6
7
6
31
6
98
3
18
41
13
35
98
21
40
12
30
7
14
9
6
12
7
16
9
98
12
20
41
56
8
15
9
4
36
6
4
30
36
8
26
21
14
10
2
8
16
24
18
28
14
7
13
11
34
10
10
8
9
7
98
8
6
8
27
20
7
98
10
13
54
3
21
20
20
82
4
17
14
18
13
19
9
5
8
45
12
27
98
14
14
13
26
11
44
17
9
8
6
32
9
35
42
17
5
3
16
16
15
7
3
27
8
8
2
8
9
10
13
25
68
8
7
10
44
20
8
12
3
5
8
5
4
11
5
4
98
8
23
15
18
9
11
3
14
1
10
67
71
10
98
6
4
21
20
16
19
15
6
14
5
10
13
7
11
25
17
14
4
7
11
8
3
7
6
9
53
5
16
11
6
5
86
12
14
10
15
18
34
98
8
16
22
1
7
7
14
22
12
17
71
4
61
26
9
98
7
15
6
98
6
44
27
15
24
52
66
2
8
9
98
33
21
2
6
12
6
10
10
5
8
17
21
87
48
12
12
7
98
6
24
9
50
8
18
27
5
6
23
27
9
98
8
23
6
39
12
8
20
8
4
40
62
14
50
77
5
12
6
18
32
6
3
98
2
14
6
52
11
31
3
5
16
98
14
2
15
2
12
24
4
7
30
2
16
11
13
24
43
8
6
4
12
52
37
2
23
98
7
18
13
17
98
36
17
35
4
7
25
5
44
20
98
12
8
23
12
2
5
5
2
3
6
2
17
32
36
7
12
2
11
34
8
40
23
3
22
17
54
36
4
56
7
35
4
29
7
2
9
9
10
5
12
11
10
11
7
17
7
11
4
28
3
7
10
12
10
19
10
14
8
14
39
16
6
3
4
24
10
98
2
12
31
14
31
9
98
7
10
14
20
37
7
16
54
10
5
46
6
7
8
20
18
49
98
98
22
4
18
28
98
98
2
15
23
6
9
5
98
17
9
54
8
43
8
8
4
51
2
7
2
12
21
10
8
9
5
19
10
6
8
98
17
6
95
9
2
17
5
9
8
5
5
29
9
4
10
13
26
71
61
17
5
12
18
7
15
14
12
13
9
59
19
98
18
17
28
43
19
6
28
17
6
4
12
8
9
40
23
12
5
7
32
5
7
8
31
3
57
18
24
8
98
3
2
21
2
8
27
3
20
42
19
47
28
98
10
7
14
62
7
98
49
9
16
9
52
6
5
21
64
39
32
7
27
13
7
56
38
40
98
12
6
14
7
50
8
60
98
98
10
29
21
30
4
26
48
48
20
7
7
20
2
30
12
10
1
86
14
2
10
17
17
17
14
11
98
6
2
6
7
14
26
9
3
17
98
36
48
3
18
5
14
7
98
25
10
98
8
29
4
33
14
27
17
98
15
35
98
20
23
17
19
65
43
4
7
3
20
26
12
98
12
64
41
11
33
26
2
14
9
66
9
98
98
31
8
15
7
7
6
98
98
4
10
2
5
8
90
7
21
51
7
1
10
21
9
13
2
10
6
2
20
94
18
98
98
18
8
18
47
5
98
10
98
8
13
3
0
8
9
98
6
9
14
12
9
16
41
15
8
52
98
7
7
42
62
9
6
98
90
27
98
11
21
13
5
70
19
1
6
11
13
98
98
47
24
98
98
3
31
46
15
30
18
22
14
31
14
31
35
15
12
25
4
19
8
11
98
27
16
57
6
98
39
9
20
22
6
98
98
42
3
18
13
10
4
33
6
7
3
12
98
32
27
6
12
8
6
28
10
3
