17
14
8
19
7
98
33
17
25
24
98
19
22
19
11
27
98
13
18
24
98
63
98
28
35
12
27
24
6
24
10
46
10
18
98
8
98
44
12
52
42
3
7
10
32
98
43
17
6
50
6
98
15
98
5
4
98
24
22
98
24
36
40
38
18
8
13
12
15
13
28
98
53
17
3
24
98
5
39
60
31
13
98
19
27
12
12
15
23
20
30
98
16
16
29
18
37
18
13
38
19
14
69
17
16
98
16
12
13
14
6
98
23
36
21
8
36
34
29
38
3
98
5
26
36
24
98
52
34
23
8
10
58
98
29
28
11
10
9
5
22
98
5
98
12
19
12
22
10
12
98
8
15
12
45
21
6
21
98
13
23
44
8
22
30
98
36
20
98
8
13
19
98
24
30
14
8
6
12
22
14
6
4
40
13
18
98
98
17
98
12
23
18
64
98
16
10
12
9
12
2
28
18
38
57
14
8
98
42
98
98
26
4
98
18
28
35
8
98
98
14
6
8
98
9
31
13
16
36
20
98
20
28
42
10
10
0
32
13
48
28
10
22
48
26
98
31
31
6
8
98
6
98
20
4
19
10
12
40
4
6
10
10
13
64
12
7
12
10
5
42
8
13
15
6
25
9
16
50
2
4
3
98
3
19
9
10
3
6
5
11
98
15
11
19
12
98
36
8
10
98
12
52
59
19
21
46
3
11
14
19
5
8
8
27
98
18
9
9
3
10
2
8
98
80
9
85
8
98
60
9
14
7
5
4
18
9
98
96
14
5
98
8
98
37
8
5
9
98
9
16
98
6
5
6
11
98
11
81
36
10
17
19
15
11
8
12
5
98
42
13
98
98
6
37
6
44
52
8
23
4
6
42
7
7
24
4
76
32
14
20
6
5
98
22
6
6
63
44
6
55
98
8
22
5
98
15
98
30
42
32
17
98
6
93
19
6
10
98
98
13
16
23
10
18
54
7
9
98
9
9
4
16
6
3
10
98
31
5
7
75
28
28
15
11
5
5
10
98
20
28
42
5
22
8
13
5
21
98
17
15
17
48
7
21
98
11
18
9
16
15
15
7
8
29
13
8
14
13
47
7
6
9
7
9
22
15
98
79
98
5
35
7
22
11
11
10
51
6
50
98
12
98
38
9
21
2
11
4
5
9
38
90
2
6
4
40
11
98
98
8
2
9
18
18
20
13
34
14
9
98
5
13
6
20
41
98
8
15
98
7
98
85
13
7
98
7
16
14
9
12
11
98
78
5
10
9
76
30
12
6
6
21
9
8
5
11
2
21
8
98
29
98
25
22
98
12
9
26
10
11
15
81
2
5
34
4
15
5
6
8
21
7
6
4
18
10
25
10
6
33
49
98
9
6
18
8
30
5
8
13
26
9
98
31
98
42
44
12
13
5
26
12
4
13
9
9
14
79
6
36
40
7
7
35
68
29
13
98
1
26
98
87
24
1
9
98
2
5
8
32
6
98
55
20
5
10
38
3
4
11
3
5
9
8
35
19
15
30
44
12
9
98
38
20
46
3
5
98
28
14
1
27
15
36
2
66
8
9
14
14
8
18
11
26
7
4
26
98
19
7
1
9
11
36
14
98
6
11
69
47
7
98
23
12
98
57
11
98
6
8
2
5
22
3
98
11
11
24
33
98
5
6
8
7
22
4
4
98
62
7
24
17
12
18
8
59
51
7
25
13
52
8
17
8
9
98
9
8
98
98
39
45
12
6
98
36
13
3
22
14
98
41
9
6
50
30
10
14
11
19
15
4
2
7
21
89
8
8
15
13
55
16
98
15
8
8
98
24
60
8
23
11
14
22
3
98
43
9
33
14
98
23
98
25
8
83
49
39
39
15
13
12
98
5
2
23
9
98
13
98
8
14
7
17
10
14
21
25
5
4
22
10
8
98
16
16
31
98
11
5
98
9
11
98
8
8
72
12
18
20
5
8
25
19
98
11
18
7
98
3
13
6
98
98
19
71
8
19
28
27
15
13
8
25
10
10
10
4
16
17
98
98
7
12
5
10
13
8
3
98
51
7
98
27
4
6
11
13
59
9
27
14
98
8
10
27
5
15
23
7
7
24
29
15
15
5
28
5
9
11
7
76
20
10
5
6
3
2
15
14
6
98
29
9
98
13
98
7
6
13
52
8
3
10
7
17
20
4
5
98
7
7
76
98
38
10
5
13
9
26
30
3
7
40
8
5
44
3
40
6
9
9
2
8
3
18
15
37
31
7
98
29
21
8
31
98
8
42
9
9
11
9
11
29
6
25
6
9
19
14
4
7
44
3
98
12
4
62
12
98
44
5
7
29
51
16
4
7
17
4
5
10
1
98
6
98
22
23
23
15
5
98
2
4
4
4
13
98
16
13
14
20
4
6
7
98
5
6
5
4
27
2
55
8
7
2
44
7
14
10
17
11
98
24
45
7
98
4
58
15
24
40
8
7
4
81
98
61
54
13
6
40
7
51
22
6
10
66
26
98
28
98
8
17
31
5
98
10
34
2
31
66
29
98
98
12
4
32
50
98
8
34
1
47
7
98
54
98
70
29
5
6
98
98
49
7
27
78
4
20
6
8
23
98
90
98
17
45
20
98
5
1
5
33
2
98
3
41
37
57
6
7
7
7
27
11
4
98
98
23
3
44
98
98
4
2
98
28
5
12
19
9
11
31
49
5
98
8
7
11
87
6
5
23
95
8
12
20
98
16
6
5
19
6
9
7
47
6
6
40
10
6
34
