18.55
14.35
5.95
10.15
17.15
4.55
4.55
22.75
102.55
31.15
32.55
18.55
11.55
19.95
1.75
22.75
21.35
8.75
5.95
12.95
15.75
80.15
15.75
19.95
108.15
3.15
3.15
67.55
1.75
22.75
12.95
14.35
140.0
8.75
10.15
14.35
8.75
40.95
91.35
1.75
140.0
1.75
8.75
4.55
140.0
5.95
17.15
19.95
59.15
36.75
17.15
92.75
4.55
12.95
15.75
36.75
25.55
3.15
140.0
59.15
7.35
46.55
57.75
4.55
1.75
10.15
17.15
1.75
14.35
110.95
25.55
3.15
32.55
18.55
95.55
10.15
53.55
7.35
24.15
12.95
31.15
5.95
56.35
1.75
36.75
45.15
140.0
1.75
42.35
91.35
36.75
0.35
7.35
5.95
11.55
22.75
21.35
5.95
1.05
5.25
23.45
1.05
1.05
8.05
1.05
10.85
33.25
2.45
2.45
1.05
1.05
38.85
27.65
43.05
140.0
8.05
9.45
20.65
2.45
3.85
1.05
16.45
26.25
6.65
3.85
140.0
13.65
1.05
15.05
18.55
4.55
12.95
1.75
29.75
8.75
24.15
1.75
12.95
11.55
59.15
7.35
19.95
33.95
7.35
36.75
5.95
18.55
1.75
10.15
94.15
21.35
87.15
29.75
12.95
140.0
4.55
0.35
19.95
15.75
7.35
14.35
15.75
11.55
1.75
140.0
7.35
7.35
42.35
33.95
10.15
29.75
12.95
19.95
0.35
17.15
31.15
10.15
11.55
28.35
12.95
80.15
70.35
11.55
0.35
22.75
140.0
52.15
12.95
75.95
103.95
35.35
66.15
7.35
12.95
10.15
39.55
8.75
71.75
1.75
8.75
5.95
5.95
1.75
1.75
28.35
85.75
31.15
4.55
74.55
28.35
14.35
5.95
12.95
10.15
1.75
24.15
8.75
17.15
5.95
35.35
28.35
0.35
25.55
47.95
7.35
71.75
140.0
3.15
3.15
12.95
1.75
25.55
0.35
109.55
42.35
8.75
26.95
45.15
49.35
15.75
10.15
5.95
11.55
1.75
43.75
31.15
1.75
7.35
28.35
7.35
56.35
3.15
32.55
21.35
133.35
54.95
15.75
21.35
4.55
78.75
35.35
31.15
8.75
4.55
17.15
15.4
127.4
1.4
4.2
30.8
19.6
51.8
14.0
72.8
140.0
12.6
35.0
8.4
12.6
2.8
46.2
95.2
11.2
22.4
23.8
2.8
18.2
12.6
57.4
25.2
9.8
11.2
140.0
1.4
68.6
37.8
14.0
12.6
37.8
25.2
4.2
18.2
12.6
16.8
18.2
25.2
5.6
2.8
46.2
18.2
7.0
4.2
9.8
15.4
22.4
8.4
1.4
2.8
5.6
8.4
15.4
5.6
39.2
1.4
9.8
12.6
5.6
11.2
15.4
25.2
30.8
7.0
8.4
12.6
22.4
11.2
1.4
2.8
15.4
56.0
75.6
1.4
1.4
1.4
2.8
140.0
21.0
5.6
140.0
32.2
21.0
26.6
67.2
12.6
25.2
25.2
30.8
18.2
40.6
2.8
49.0
14.0
29.4
140.0
7.0
29.4
1.4
4.2
5.6
9.8
2.8
1.4
1.4
85.4
67.2
4.2
8.4
22.4
103.6
5.6
29.4
7.0
15.4
11.2
67.2
19.6
11.2
8.4
7.0
9.8
5.6
18.2
18.2
4.2
5.6
29.4
140.0
28.0
32.2
47.6
1.4
28.0
12.6
23.8
1.4
11.2
140.0
63.0
9.8
8.4
25.2
19.6
2.8
5.6
16.8
14.0
1.4
14.0
1.4
23.8
33.6
140.0
32.2
8.4
25.2
36.4
23.8
14.0
19.6
16.8
49.0
5.6
8.4
5.6
22.4
26.6
49.0
2.8
1.4
12.6
1.4
9.8
2.8
9.8
5.6
18.2
140.0
14.0
140.0
25.2
26.6
14.0
15.4
5.6
8.4
22.4
21.0
53.2
19.6
4.2
19.6
12.6
19.6
8.4
5.6
91.0
30.8
8.4
33.6
7.0
2.8
53.2
19.6
11.2
140.0
11.2
33.6
11.2
23.8
11.2
32.2
12.6
26.6
25.2
11.2
9.8
140.0
54.6
8.4
8.4
28.0
18.2
7.0
67.2
8.4
50.4
12.6
14.0
8.4
2.8
5.6
23.8
8.4
75.6
14.0
50.4
14.0
140.0
2.8
18.2
128.8
35.0
68.6
30.8
4.2
5.6
16.8
32.2
9.8
5.6
7.0
9.8
40.6
15.4
25.2
1.4
19.6
65.8
22.4
40.6
16.8
29.4
68.6
43.4
26.6
14.0
113.4
30.8
9.8
15.4
85.4
4.2
140.0
21.0
2.8
11.2
28.0
2.8
12.6
2.8
35.0
15.4
12.6
21.0
12.6
14.0
39.2
12.6
9.8
28.0
26.6
28.0
7.0
15.4
7.0
14.0
22.4
37.8
140.0
5.6
1.4
51.8
12.6
29.4
2.8
7.0
7.0
8.4
12.6
140.0
4.2
15.4
8.4
5.6
18.2
4.2
121.8
7.0
18.2
5.6
9.8
1.4
7.0
35.0
7.0
9.8
7.0
5.6
43.4
9.8
8.4
50.4
23.8
33.6
12.6
9.8
1.4
7.0
22.4
95.2
14.0
14.0
39.2
140.0
16.8
1.4
93.8
22.4
4.2
33.6
21.0
32.2
35.0
16.8
140.0
37.8
12.6
8.4
42.0
21.0
19.6
33.6
5.6
9.8
11.2
30.8
11.2
36.4
7.0
44.8
14.0
2.8
14.0
140.0
25.55
1.75
19.95
5.95
130.55
5.95
4.55
15.75
108.15
22.75
42.35
12.95
15.75
7.35
12.95
3.15
42.35
14.35
7.35
39.55
8.75
17.15
5.95
8.75
1.75
26.95
11.55
11.55
3.15
11.55
1.75
24.15
5.95
1.75
21.35
85.75
19.95
26.95
46.55
21.35
7.35
28.35
1.75
19.95
11.55
3.15
50.75
11.55
29.75
61.95
7.35
21.35
3.15
0.35
5.95
25.55
32.55
10.15
10.15
7.35
0.35
10.15
26.95
43.75
59.15
18.55
3.15
42.35
8.75
15.75
1.75
12.95
46.55
12.95
22.75
40.95
18.55
75.95
22.75
35.35
103.95
14.35
26.95
19.95
18.55
88.55
26.95
0.35
49.35
95.55
17.15
8.75
21.35
126.35
42.35
49.35
14.35
102.55
7.35
21.35
116.55
12.95
24.15
26.95
22.75
10.15
74.55
19.95
5.95
28.35
10.15
68.95
29.75
10.15
66.15
17.15
73.15
39.55
36.75
4.55
1.75
140.0
64.75
47.95
7.35
40.95
19.95
5.95
1.75
10.15
140.0
19.95
19.95
140.0
19.95
75.95
31.15
5.95
61.95
25.55
26.95
21.35
24.15
32.55
4.55
28.35
36.75
18.55
11.55
21.35
45.15
17.15
8.75
22.75
140.0
22.75
26.95
5.95
22.75
52.15
14.35
8.75
5.95
1.75
101.15
140.0
5.95
19.95
11.55
4.55
25.55
11.55
1.75
57.75
8.75
18.55
38.15
25.55
17.15
21.35
21.35
17.15
140.0
25.55
11.55
33.95
32.55
88.55
31.15
33.95
47.95
15.75
22.75
60.55
14.35
11.55
54.95
32.55
3.15
5.95
17.15
15.75
28.35
3.15
24.15
26.95
56.35
8.75
5.95
8.75
24.15
140.0
75.95
140.0
140.0
54.95
10.15
4.55
140.0
35.35
12.95
1.75
10.15
26.95
26.95
42.35
70.35
35.35
22.75
22.75
25.55
3.15
14.35
11.55
10.15
71.75
74.55
140.0
18.55
56.35
140.0
33.95
26.95
5.95
54.95
10.15
14.35
47.95
19.95
66.15
80.15
7.35
15.75
7.35
57.75
4.55
12.95
43.75
15.75
17.15
17.15
28.35
40.95
12.95
26.95
77.35
96.95
14.35
36.75
11.55
56.35
140.0
3.15
1.75
33.95
36.75
14.35
29.75
4.55
3.15
54.95
122.15
15.75
7.35
43.75
52.15
140.0
140.0
18.55
17.15
88.55
140.0
14.35
5.95
5.95
21.35
14.35
18.55
70.35
29.75
11.55
66.15
21.35
31.15
140.0
18.55
4.55
7.35
60.55
84.35
12.95
31.15
15.75
19.95
10.15
52.15
87.15
8.75
14.35
15.75
19.95
8.75
24.15
17.15
75.95
140.0
22.75
