2.8
18.2
1.4
8.4
9.8
7.0
9.8
19.6
9.8
1.4
1.4
11.2
25.2
12.6
19.6
8.4
2.8
1.4
8.4
1.4
11.2
12.6
1.4
4.2
7.0
140.0
1.4
2.8
7.0
1.4
5.6
44.8
1.4
22.4
5.6
1.4
1.4
1.4
140.0
2.8
7.0
5.6
4.2
1.4
2.8
14.0
11.2
4.2
12.6
2.8
4.2
16.8
37.8
14.0
47.6
21.0
96.6
16.8
7.0
25.2
25.2
7.0
22.4
14.0
5.6
11.2
11.2
7.0
4.2
58.8
50.4
29.4
140.0
30.8
33.6
12.6
30.8
8.4
1.4
12.6
4.2
18.2
78.4
16.8
1.4
2.8
30.8
9.8
1.4
8.4
1.4
15.4
8.4
2.8
35.0
2.8
140.0
1.4
8.4
12.6
8.4
1.4
23.8
9.8
2.8
91.0
7.0
21.0
8.4
11.2
14.0
15.4
18.2
11.2
8.4
14.0
2.8
4.2
35.0
140.0
12.6
35.0
5.6
9.8
4.2
15.4
9.8
140.0
5.6
32.2
140.0
1.4
5.6
4.2
98.0
30.8
1.4
4.2
32.2
14.0
56.0
54.6
2.8
9.8
5.6
8.4
8.4
2.8
60.2
84.0
19.6
1.4
140.0
1.4
1.4
16.8
18.2
18.2
5.6
54.6
7.0
1.4
19.6
1.4
36.4
1.4
12.6
18.2
37.8
22.4
11.2
16.8
18.2
8.4
2.8
23.8
5.6
4.2
4.2
28.0
5.6
9.8
26.6
5.6
26.6
65.8
1.4
1.4
16.8
5.6
5.6
4.2
30.8
2.8
11.2
4.2
11.2
9.8
140.0
5.6
7.0
5.6
39.2
22.4
14.0
1.4
2.8
22.4
1.4
1.4
25.2
1.4
2.8
11.2
7.0
5.6
2.8
91.0
7.0
35.0
1.4
9.8
56.0
21.0
4.2
1.4
9.8
8.4
1.4
9.8
140.0
2.8
16.8
49.0
82.6
2.8
26.6
112.0
9.8
5.6
4.2
9.8
1.4
4.2
2.8
1.4
88.2
140.0
2.8
140.0
1.4
21.0
23.8
18.2
1.4
7.0
63.0
23.8
68.6
4.2
15.4
12.6
1.4
36.4
15.4
7.0
2.8
19.6
8.4
8.4
18.2
46.2
12.6
47.6
4.2
26.6
36.4
19.6
7.0
14.0
1.4
1.4
93.8
12.6
7.0
8.4
22.4
1.4
4.2
43.4
26.6
5.6
9.8
4.2
49.0
22.4
8.4
1.4
140.0
19.6
23.8
1.4
12.6
15.4
8.4
140.0
40.6
7.0
2.8
44.8
7.0
5.6
21.0
5.6
2.8
32.2
19.6
1.4
7.0
68.6
58.8
19.6
32.2
5.6
12.6
99.4
19.6
49.0
23.8
4.2
2.8
140.0
14.0
8.4
15.4
70.0
22.4
78.4
36.4
15.4
8.4
2.8
16.8
1.4
5.6
4.2
9.8
2.8
1.4
23.8
2.8
72.8
5.6
25.2
23.8
4.2
140.0
1.4
16.8
8.4
1.4
2.8
11.2
5.6
44.8
5.6
15.4
40.6
18.2
4.2
140.0
1.4
8.4
130.2
21.0
11.2
33.6
9.8
14.0
2.8
140.0
14.0
9.8
4.2
35.0
51.8
5.6
11.2
9.8
93.8
11.2
2.8
15.4
1.4
36.4
36.4
4.2
2.8
9.8
8.4
19.6
9.8
11.2
7.0
23.8
8.4
140.0
37.8
23.8
140.0
140.0
44.8
140.0
140.0
140.0
19.6
7.0
43.4
140.0
54.6
7.0
9.8
26.6
5.6
4.2
1.4
12.6
7.0
8.4
9.8
11.2
18.2
1.4
21.0
42.0
127.4
39.2
35.0
11.2
2.8
50.4
56.0
117.6
9.8
74.2
16.8
7.0
140.0
1.4
140.0
140.0
1.4
1.4
9.8
1.4
21.0
1.4
33.6
15.4
11.2
44.8
33.6
2.8
36.4
93.8
84.0
44.8
12.6
1.4
37.8
9.8
14.0
140.0
140.0
11.2
140.0
8.4
140.0
8.4
14.0
68.6
11.2
54.6
82.6
12.6
5.6
12.6
14.0
26.6
4.2
11.2
140.0
1.4
42.0
9.8
4.2
37.8
53.2
11.2
5.6
21.0
140.0
1.4
4.2
32.2
9.8
25.2
96.6
14.0
15.4
21.0
43.4
11.2
21.0
33.6
9.8
140.0
128.8
140.0
12.6
106.4
12.6
26.6
36.4
140.0
19.6
18.2
12.6
140.0
4.2
140.0
14.0
140.0
1.4
60.2
5.6
4.2
8.4
19.6
30.8
140.0
8.4
11.2
91.0
11.2
11.2
7.0
9.8
12.6
8.4
140.0
60.2
8.4
102.2
14.0
22.4
16.8
140.0
26.6
5.6
140.0
8.4
12.6
5.6
12.6
107.8
25.2
39.2
14.0
56.0
96.6
23.8
7.0
1.4
5.6
8.4
12.6
14.0
140.0
11.2
140.0
25.2
25.2
5.6
11.2
8.4
28.0
2.8
1.4
5.6
5.6
140.0
53.2
8.4
15.4
33.6
86.8
7.0
37.8
53.2
5.6
8.4
2.8
14.0
8.4
25.2
140.0
8.4
33.6
5.6
18.2
19.6
112.0
16.8
1.4
4.2
43.4
15.4
56.0
12.6
140.0
140.0
2.8
140.0
42.0
19.6
11.2
4.2
140.0
12.6
7.0
75.6
140.0
11.2
140.0
140.0
12.6
19.6
49.0
4.2
140.0
100.8
5.6
7.0
32.2
5.6
7.0
9.8
49.0
140.0
4.2
46.2
56.0
11.2
54.6
8.4
15.4
19.6
2.8
8.4
2.8
25.2
39.2
71.4
140.0
49.0
9.8
35.0
7.0
5.6
12.6
140.0
14.0
4.2
91.0
28.0
4.2
9.8
19.6
39.2
140.0
15.4
2.8
39.2
22.4
74.2
7.0
25.2
18.2
14.0
16.8
12.6
9.8
79.8
1.4
28.0
64.4
47.6
8.4
32.2
11.2
7.0
1.4
39.2
30.8
54.6
140.0
37.8
140.0
19.6
8.4
43.4
9.8
1.4
16.8
28.0
25.2
68.6
7.0
49.0
105.0
15.4
25.2
7.0
9.8
127.4
29.4
96.6
11.2
19.6
26.6
9.8
43.4
15.4
60.2
100.8
12.6
9.8
2.8
7.0
5.6
30.8
82.6
22.4
7.0
1.4
96.6
140.0
140.0
16.8
16.8
12.6
8.4
21.0
89.6
79.8
30.8
15.4
5.6
11.2
63.0
16.8
5.6
4.2
14.0
78.4
140.0
51.8
8.4
15.4
4.2
77.0
23.8
18.2
140.0
53.2
36.4
2.8
140.0
7.0
23.8
14.0
58.8
15.4
25.2
1.4
140.0
8.4
8.4
7.0
16.8
30.8
29.4
21.0
2.8
140.0
4.2
11.2
43.4
140.0
11.2
98.0
23.8
19.6
18.2
18.2
8.4
14.0
140.0
4.2
29.4
140.0
15.4
9.8
5.6
40.6
5.6
9.8
5.6
140.0
25.2
4.2
30.8
53.2
109.2
5.6
7.0
28.0
23.8
79.8
9.8
28.0
8.4
8.4
9.8
7.0
4.2
140.0
7.0
11.2
25.2
54.6
8.4
1.4
35.0
40.6
1.4
75.6
9.8
16.8
5.6
53.2
30.8
21.0
89.6
14.0
11.2
50.4
18.2
22.4
21.0
75.6
15.4
65.8
15.4
25.2
14.0
40.6
12.6
72.8
36.4
26.6
7.0
7.0
9.8
140.0
4.2
11.2
56.0
18.2
140.0
8.4
14.0
11.2
15.4
140.0
105.0
28.0
35.0
16.8
18.2
18.2
8.4
71.4
8.4
5.6
7.0
140.0
102.2
63.0
2.8
19.6
23.8
7.0
14.0
46.2
14.0
4.2
140.0
26.6
2.8
9.8
68.6
15.4
11.2
4.2
7.0
35.0
28.0
60.2
4.2
140.0
64.4
11.2
14.0
15.4
19.6
18.2
95.2
4.2
75.6
47.6
1.4
8.4
140.0
15.4
70.0
71.4
1.4
9.8
99.4
7.0
9.8
7.0
5.6
1.4
32.2
37.8
16.8
140.0
9.8
140.0
12.6
4.2
140.0
30.8
79.8
11.2
2.8
67.2
2.8
7.0
11.2
39.2
16.8
57.4
19.6
25.2
29.4
33.6
140.0
8.4
2.8
79.8
56.0
5.6
140.0
11.2
8.4
58.8
140.0
113.4
39.2
140.0
11.2
2.8
53.2
140.0
75.6
8.4
120.4
1.4
8.4
2.8
60.2
140.0
29.4
26.6
29.4
19.6
8.4
140.0
7.0
140.0
7.0
4.2
140.0
9.8
140.0
4.2
5.6
140.0
140.0
16.8
42.0
106.4
140.0
11.2
23.8
60.2
25.2
23.8
32.2
1.4
140.0
53.2
28.0
7.0
140.0
19.6
140.0
8.4
140.0
140.0
140.0
4.2
7.0
140.0
40.6
140.0
140.0
7.0
5.6
5.6
93.8
119.0
9.8
2.8
140.0
2.8
140.0
1.4
96.6
14.0
11.2
140.0
32.2
140.0
7.0
133.0
140.0
11.2
37.8
8.4
28.0
1.4
15.4
140.0
1.4
11.2
85.4
85.4
140.0
22.4
5.6
140.0
7.0
57.4
68.6
15.4
39.2
140.0
140.0
99.4
14.0
16.8
14.0
18.2
26.6
114.8
12.6
4.2
21.0
140.0
4.2
140.0
7.0
7.0
14.0
9.8
32.2
14.0
2.8
7.0
4.2
12.6
4.2
29.4
7.0
37.8
4.2
28.0
19.6
