26
11
25
23
5
4
37
17
4
13
12
17
84
16
14
16
19
98
20
0
29
2
5
45
90
98
17
16
98
13
3
98
17
17
75
5
17
22
10
2
46
6
14
2
7
13
16
55
14
4
5
24
98
8
21
7
73
2
23
5
11
9
46
6
98
3
22
21
17
10
2
2
35
38
5
3
98
18
3
47
41
13
32
98
98
10
6
91
23
19
8
12
11
12
79
5
3
18
98
24
32
98
20
98
61
98
35
38
61
38
98
10
8
15
11
1
8
15
2
2
18
1
98
16
52
13
6
16
38
13
46
12
6
19
8
61
9
3
9
22
16
26
3
98
30
13
17
15
10
23
9
88
16
18
3
98
12
18
9
16
14
4
50
10
12
5
5
2
15
98
9
62
12
4
7
98
8
17
30
12
7
23
3
44
14
23
13
3
13
92
17
3
10
40
26
10
7
16
3
98
13
8
4
12
4
4
49
45
26
98
3
79
8
6
15
98
3
11
20
18
13
11
24
25
9
17
20
10
98
46
2
17
5
25
2
19
12
10
23
98
5
22
98
4
52
47
5
55
8
8
98
37
2
39
44
25
5
12
12
98
9
17
8
14
13
98
57
11
3
13
10
2
30
9
19
14
14
21
21
98
43
4
3
35
28
8
57
73
7
11
98
28
11
90
21
46
98
12
39
15
37
17
3
18
15
17
20
12
17
98
33
9
2
98
3
3
7
19
98
8
8
4
98
98
34
20
5
92
11
6
9
98
17
10
41
4
98
6
19
22
47
7
19
2
6
11
12
11
11
15
21
15
20
9
10
16
91
98
2
51
98
98
4
50
8
2
7
4
5
98
32
1
6
2
5
8
98
6
5
10
2
17
89
23
14
38
26
17
10
14
3
5
3
3
16
13
2
3
7
7
15
15
42
3
9
23
16
4
9
12
18
12
7
14
11
6
2
98
9
33
98
14
5
19
6
98
18
26
5
2
3
40
33
8
2
11
56
35
98
8
13
6
4
64
25
10
37
11
6
57
10
29
14
13
4
50
18
8
9
98
8
42
18
77
2
45
57
2
13
98
11
2
3
98
22
8
16
18
20
18
19
20
10
3
98
11
35
13
98
21
94
98
19
18
5
7
16
10
10
44
15
3
2
39
7
38
98
3
13
28
9
27
2
6
6
13
98
31
34
3
22
7
43
28
98
53
28
2
18
17
11
98
24
5
6
98
38
20
98
15
30
4
17
10
13
10
7
10
98
14
33
16
13
30
25
98
87
51
22
98
9
22
54
15
19
18
98
22
16
46
6
98
58
19
70
6
14
6
71
4
49
98
12
56
11
18
12
16
11
6
14
83
49
98
25
32
23
68
31
26
59
44
9
12
22
98
98
98
14
48
27
21
60
6
32
2
15
16
98
98
40
8
28
4
27
42
13
34
34
34
29
30
21
16
57
2
98
98
13
30
98
35
98
32
30
43
98
98
36
8
98
11
32
13
18
19
1
18
24
40
11
9
98
7
10
72
46
3
53
8
14
15
6
20
9
3
48
30
3
10
4
33
9
5
12
3
6
44
98
52
20
19
29
14
98
10
14
2
20
11
89
22
5
10
98
14
64
71
8
9
42
17
8
40
11
3
2
18
7
5
10
3
12
2
29
6
8
13
13
21
12
12
5
18
34
54
5
80
12
3
7
81
2
98
45
3
21
21
11
13
5
15
7
13
5
14
15
7
5
22
9
6
54
37
20
26
5
11
2
2
35
12
4
33
2
98
22
12
15
9
7
3
62
5
14
11
2
11
46
2
59
16
98
40
31
4
98
98
11
30
15
10
18
15
98
4
8
23
21
3
10
16
13
52
5
22
9
20
2
98
54
16
3
26
5
11
27
98
8
8
45
2
3
9
98
18
98
98
48
14
24
3
36
98
3
4
14
3
73
30
35
14
15
11
96
53
98
10
42
98
35
98
2
27
38
11
17
98
10
54
10
7
28
98
98
34
66
12
68
3
8
44
4
12
8
18
16
3
12
24
29
37
2
51
15
2
6
98
38
98
3
98
18
39
48
4
98
64
8
98
9
15
11
28
36
11
23
13
4
21
7
98
7
12
12
41
44
98
8
17
70
15
3
10
12
9
16
6
8
14
98
21
21
8
28
98
7
3
4
18
47
58
28
19
10
47
16
98
24
4
8
2
11
14
8
10
14
7
39
11
26
21
2
30
98
3
13
4
7
13
18
14
3
3
23
7
10
28
98
98
98
61
66
34
2
25
18
14
18
27
2
17
10
15
11
7
3
6
41
27
6
9
9
8
24
36
41
3
98
23
98
6
98
12
8
9
6
40
17
3
48
37
12
9
30
5
29
15
18
48
33
19
37
3
39
7
15
4
9
98
12
5
98
6
59
31
11
9
49
54
14
6
3
20
13
6
77
13
3
21
7
31
22
78
6
9
56
48
33
86
16
8
3
74
16
10
16
19
3
98
60
18
9
1
30
5
29
13
23
10
35
9
26
12
2
61
23
28
2
98
9
5
3
33
3
36
2
20
17
24
3
98
44
56
42
33
98
11
16
64
57
52
7
26
13
21
12
3
3
98
11
79
27
13
66
8
29
4
16
3
4
14
8
98
98
16
21
5
18
98
24
85
3
8
33
13
42
10
6
12
3
43
76
98
2
6
19
5
14
11
12
3
10
2
27
35
1
14
14
13
54
57
98
27
7
8
11
98
8
37
8
17
8
2
20
21
20
98
7
6
27
98
25
27
98
3
43
27
59
8
3
56
52
13
27
18
4
2
33
4
9
2
46
4
36
3
2
33
29
21
63
39
40
20
30
21
4
15
19
25
15
2
9
32
4
7
2
12
29
9
39
13
4
11
44
4
98
3
3
55
98
2
6
3
6
4
21
20
16
32
42
3
4
66
20
38
29
3
23
18
10
9
18
27
63
98
4
13
15
28
3
49
11
23
98
79
8
7
24
3
10
29
5
18
27
3
3
37
14
98
33
56
98
7
2
48
98
98
57
6
98
36
18
37
8
17
48
9
13
11
2
10
3
18
16
34
4
27
98
43
39
13
4
18
24
8
4
9
33
98
3
33
8
40
5
7
6
20
7
7
2
55
41
63
20
4
5
4
4
39
7
22
5
17
7
4
28
12
7
25
8
80
