2
7
23
9
82
5
98
27
6
98
68
66
98
2
40
4
50
13
9
52
3
21
98
7
98
98
3
98
98
52
30
95
98
16
23
26
0
98
98
44
98
40
66
25
98
98
98
16
98
3
98
3
98
42
28
1
37
18
98
36
3
98
3
3
10
11
31
8
11
98
23
98
8
98
32
12
45
15
98
98
98
98
33
11
84
20
85
91
98
98
40
73
98
98
21
1
4
98
98
98
98
1
98
98
0
7
31
7
98
98
4
98
19
4
30
26
98
98
98
98
24
18
98
98
91
2
98
32
2
40
25
44
98
98
98
27
98
10
98
98
98
93
4
20
98
96
98
29
98
7
98
34
98
16
26
7
3
98
16
8
35
15
30
63
98
98
4
98
98
82
5
4
98
98
0
4
98
98
98
63
18
98
2
5
61
34
2
98
29
98
3
5
98
98
5
40
37
52
62
98
2
98
29
4
21
55
7
6
98
98
47
96
4
98
3
4
3
17
98
46
98
5
4
3
4
52
98
98
33
11
98
26
1
2
43
98
98
97
76
2
98
54
39
98
98
6
2
8
35
24
98
6
21
63
75
98
98
6
16
98
19
98
12
15
12
98
22
95
28
98
98
6
3
98
40
39
33
98
82
64
2
12
86
98
4
50
27
38
98
3
2
30
98
98
9
98
18
98
98
98
98
98
9
52
98
98
32
98
25
93
22
13
98
98
98
98
96
8
98
64
98
8
5
76
39
98
11
4
98
98
24
6
98
65
32
98
33
23
20
2
5
16
1
98
20
30
98
98
8
98
8
83
98
21
98
10
6
98
2
98
4
98
11
96
72
98
14
15
20
60
98
98
98
98
18
98
8
98
98
37
2
21
4
98
12
98
98
13
46
98
98
98
98
95
5
98
14
32
47
1
50
44
15
98
98
3
98
22
18
98
98
21
98
98
21
98
66
20
95
98
98
10
98
18
98
98
98
10
19
3
98
55
98
98
21
98
5
98
56
98
13
4
98
6
98
98
98
54
92
98
27
75
98
12
8
98
73
98
98
6
98
19
80
98
46
98
52
59
98
85
98
9
76
98
98
4
98
6
98
32
98
98
58
98
98
24
5
98
98
98
20
98
98
30
98
98
43
42
98
3
98
98
4
98
2
98
3
11
69
41
98
98
20
22
98
8
98
27
98
7
5
6
67
9
36
3
98
3
98
98
29
98
7
98
22
98
98
98
3
98
98
98
98
16
98
98
98
98
6
98
97
24
34
3
98
59
10
98
98
98
3
98
98
25
98
81
98
98
12
36
57
31
73
98
93
80
28
1
12
0
26
88
62
40
98
98
98
74
66
24
98
14
38
9
98
98
98
47
98
7
98
98
8
25
16
98
26
24
98
98
98
27
98
25
98
98
32
98
98
28
20
26
98
84
98
98
98
54
98
5
98
0
5
98
57
4
98
98
98
98
98
51
98
98
14
75
79
44
98
9
15
98
60
90
98
6
5
98
98
96
39
2
98
6
27
98
3
98
78
6
75
98
8
81
1
2
3
1
9
12
2
98
36
4
5
3
5
5
98
4
57
98
2
5
50
98
4
9
2
5
5
98
2
69
2
43
13
0
15
53
13
3
2
60
2
2
33
2
98
9
3
98
12
33
2
2
3
22
98
21
20
47
3
13
7
18
9
47
16
32
4
62
6
2
98
1
19
2
98
26
21
2
13
2
50
78
98
2
50
2
2
81
23
10
98
62
98
98
3
2
31
12
26
7
2
5
98
27
3
24
13
5
26
7
2
13
4
90
7
24
98
3
98
25
3
12
4
21
98
10
17
2
69
98
34
21
2
98
5
6
98
31
98
13
11
70
98
98
11
37
98
4
11
6
7
4
18
98
3
98
2
61
9
15
98
98
11
2
98
98
87
2
11
2
9
2
0
22
78
30
98
98
98
8
8
2
13
3
8
14
78
50
11
98
98
7
2
98
18
63
13
12
3
55
2
98
4
5
76
98
98
5
98
5
98
12
2
71
13
98
6
17
27
28
98
98
37
5
27
22
98
98
3
98
7
98
92
37
59
6
7
79
19
19
3
69
98
23
48
98
18
48
95
98
2
11
3
30
11
0
93
14
2
10
12
32
98
98
68
17
26
30
98
98
6
4
31
12
74
71
98
98
4
20
2
15
39
16
4
24
4
88
98
16
10
85
98
98
18
98
98
6
36
21
4
98
15
98
20
98
6
32
98
45
2
6
3
4
58
98
98
2
2
10
97
10
13
18
67
66
6
98
98
12
31
89
4
2
11
4
57
24
98
3
3
98
98
98
98
7
2
98
98
9
98
98
13
4
58
11
98
17
14
33
12
98
37
98
2
98
46
35
3
38
76
98
11
98
8
44
63
64
2
3
3
14
64
41
98
98
98
30
2
10
98
98
9
69
5
28
98
3
3
4
62
2
35
10
13
2
22
49
42
2
2
2
31
44
98
35
98
45
21
98
47
98
98
98
98
98
8
83
98
98
15
71
98
18
8
72
15
2
9
12
98
98
98
98
98
54
98
2
6
6
98
2
29
21
9
6
82
98
95
98
34
12
36
98
9
42
24
3
98
37
25
98
98
25
49
79
59
98
98
7
98
56
98
67
0
33
80
40
8
98
98
3
36
9
98
98
60
12
56
28
98
21
98
24
21
20
42
98
27
98
98
36
21
13
9
37
27
98
88
21
5
7
26
22
2
30
3
98
1
27
19
98
52
8
98
78
98
54
2
10
66
24
2
98
98
48
98
45
9
71
43
98
98
9
98
43
36
98
7
4
98
98
7
98
23
10
2
7
55
98
57
69
6
98
94
4
32
98
2
98
98
78
0
98
98
4
4
24
44
98
35
0
12
98
3
23
8
98
27
36
69
98
25
34
98
25
98
98
48
53
50
98
39
8
72
5
12
98
98
98
12
98
74
98
6
98
52
98
4
53
5
2
98
98
98
98
21
98
59
15
98
3
8
2
1
3
98
68
3
4
46
11
98
98
98
40
8
10
26
9
25
36
98
8
7
98
2
2
70
8
31
8
22
8
98
96
98
3
28
46
98
98
3
4
98
98
98
46
16
38
5
52
46
9
25
17
98
10
42
98
7
6
54
83
8
98
28
14
12
2
4
91
53
3
98
60
14
32
8
45
7
50
4
2
98
98
3
7
8
98
98
64
98
32
98
3
4
54
8
72
60
98
4
98
98
9
32
17
31
5
20
48
46
47
98
79
68
31
98
2
98
1
98
63
31
32
68
7
50
49
59
70
28
12
30
98
98
98
15
27
71
14
21
98
68
48
70
7
20
2
98
40
13
98
37
98
2
28
86
11
24
33
98
2
10
5
98
98
8
98
98
49
31
98
8
98
44
7
3
39
14
23
98
25
98
2
56
11
98
98
98
2
39
11
2
98
4
16
92
98
10
11
98
9
30
98
16
98
3
52
98
10
11
98
98
27
3
41
98
98
98
25
7
36
16
98
6
90
30
54
55
7
6
98
3
4
47
45
25
3
98
11
3
19
49
10
98
41
98
5
11
98
3
3
98
98
3
98
22
3
33
98
98
98
11
32
3
7
98
51
98
44
5
16
27
98
33
5
98
6
98
55
7
98
22
21
32
98
98
98
3
20
98
13
24
13
5
7
98
27
98
3
98
4
2
98
18
9
14
62
98
61
2
72
98
78
2
4
98
98
98
2
98
3
63
98
8
5
98
25
3
2
28
98
18
98
98
2
9
44
98
21
5
5
39
98
98
98
12
18
17
22
6
17
98
23
7
98
98
4
2
45
3
98
98
98
77
98
3
43
98
27
41
2
98
2
68
2
98
35
4
21
98
32
98
98
41
98
98
14
98
5
15
98
7
98
51
2
5
3
35
98
8
13
58
2
23
40
4
38
98
98
98
5
11
26
2
29
98
15
40
98
2
98
98
65
98
20
3
98
58
98
2
98
46
93
14
98
98
20
6
10
12
98
98
4
2
68
2
7
17
9
8
24
82
98
68
98
98
98
98
69
22
9
27
2
98
13
12
12
98
36
98
98
5
98
79
98
34
98
98
12
16
8
8
98
8
3
35
56
98
98
2
8
98
3
5
10
4
65
97
98
72
15
2
0
6
98
3
5
98
98
98
39
98
8
23
98
59
6
6
13
60
3
2
98
98
3
98
7
66
14
78
60
26
2
98
2
20
83
52
98
98
98
98
3
30
2
98
11
15
98
24
47
46
98
98
98
3
3
98
98
3
3
98
75
8
92
98
98
9
98
60
51
2
98
11
32
98
98
70
3
10
98
66
98
2
98
87
9
98
98
6
9
98
98
15
98
9
97
4
47
11
2
82
18
36
4
98
37
98
7
0
3
4
2
19
98
98
87
44
3
98
2
1
3
85
98
98
15
98
98
15
15
17
7
98
98
2
2
2
34
98
98
68
92
98
71
75
29
2
4
2
98
11
52
74
36
32
11
3
23
98
28
98
82
98
32
78
98
52
98
32
26
15
4
81
88
98
5
98
11
73
47
15
98
98
4
2
88
81
16
33
3
6
98
20
13
2
12
98
15
33
4
36
98
59
98
98
98
40
44
19
14
5
20
98
10
28
98
54
98
26
29
17
98
18
43
3
6
6
98
98
98
98
4
20
2
98
13
6
98
97
98
96
5
2
18
2
98
2
98
98
63
17
98
3
7
2
20
98
28
11
17
53
98
98
6
98
28
4
25
35
2
11
16
2
8
15
3
3
45
3
5
9
7
4
4
98
3
98
2
4
4
2
3
9
5
60
5
38
2
3
72
14
98
5
2
6
3
98
8
3
23
44
17
3
6
72
41
3
4
13
63
57
5
4
11
98
9
30
14
98
2
98
40
5
2
8
98
5
33
49
98
5
12
98
98
98
1
98
43
5
7
48
7
26
19
98
17
21
26
98
3
5
98
95
4
13
36
7
17
57
29
8
3
3
7
8
8
98
98
11
20
72
98
98
3
11
3
7
51
5
42
98
14
4
9
36
98
98
2
24
3
76
64
76
98
84
98
9
5
98
14
61
13
98
4
2
4
98
98
28
25
98
7
98
94
16
98
98
4
98
66
13
5
29
98
8
6
22
98
7
4
23
3
34
3
98
98
98
98
21
98
15
98
98
5
7
1
98
13
98
27
5
7
9
98
2
1
98
5
15
98
12
31
98
3
6
98
47
98
98
7
98
45
32
56
68
98
1
73
14
24
3
11
12
34
30
29
5
98
98
3
3
98
98
2
98
3
11
98
1
69
12
4
98
30
98
6
38
2
2
92
40
98
83
71
59
16
98
29
87
98
2
14
4
40
2
46
62
72
4
23
2
27
3
11
98
64
98
3
13
4
13
3
11
98
1
59
98
98
3
58
98
6
62
11
2
42
98
98
79
7
12
5
35
27
6
24
7
98
95
38
2
16
13
62
98
9
2
14
15
3
3
98
3
98
70
4
33
33
26
98
61
5
4
98
50
54
98
98
42
27
29
6
19
51
4
10
98
6
98
7
13
63
98
9
98
6
98
52
98
98
98
98
9
3
98
2
98
3
98
98
52
98
98
98
98
3
98
98
98
7
21
98
8
7
92
98
2
65
98
10
98
51
66
46
98
31
41
98
98
3
98
98
98
34
98
20
6
23
4
79
98
98
98
98
98
98
6
98
94
31
5
3
98
78
98
98
51
98
10
11
21
25
98
2
98
33
98
6
3
6
16
87
58
97
98
3
98
3
29
68
98
98
7
6
4
98
10
2
98
11
18
2
3
98
98
13
80
3
18
98
98
59
3
4
52
13
98
98
5
9
7
98
6
50
7
4
9
18
16
98
98
26
3
89
98
98
59
98
48
98
15
6
80
60
98
1
98
98
4
48
98
3
98
98
98
5
98
98
98
79
98
98
20
98
7
98
98
96
62
98
6
4
98
98
98
98
2
98
21
98
98
3
3
2
43
59
98
28
44
98
19
77
25
87
74
5
7
71
98
31
21
2
2
3
17
27
5
98
98
98
98
98
98
98
98
98
33
98
89
49
98
9
98
43
57
7
70
32
98
3
6
98
98
51
3
98
94
45
4
3
17
98
3
39
12
98
98
12
98
98
98
98
98
98
5
3
26
98
98
6
98
3
98
4
98
96
3
5
5
5
98
98
10
98
74
98
2
3
98
14
98
98
98
98
98
2
34
98
51
6
98
29
27
96
98
98
98
17
98
4
98
98
98
50
2
7
44
24
10
98
3
22
1
9
7
3
4
94
3
10
22
3
5
57
0
98
98
98
3
98
98
98
98
98
98
12
98
98
73
2
98
98
11
98
7
16
21
4
29
11
4
2
26
7
98
98
98
13
24
98
98
10
29
3
11
19
2
2
98
98
7
7
98
98
98
15
98
25
43
3
98
98
24
20
27
3
98
98
15
8
33
98
7
5
23
98
98
98
80
6
98
58
98
98
98
98
0
91
3
5
98
98
98
33
39
98
98
98
98
14
2
4
3
77
2
45
23
30
87
98
4
6
9
22
4
22
75
98
3
98
2
98
98
98
3
98
35
5
5
7
98
6
98
98
2
98
79
98
11
20
60
98
2
22
98
98
2
73
33
98
60
2
71
18
13
98
98
98
9
16
5
8
6
4
5
2
1
14
4
14
8
2
4
3
5
4
2
4
4
4
0
5
4
5
3
4
2
44
2
5
3
2
98
9
9
7
4
2
5
7
2
43
98
2
2
4
6
4
2
11
98
2
12
3
2
3
2
10
5
9
8
82
3
6
12
3
15
3
98
2
4
6
3
5
4
4
7
3
7
0
98
2
3
2
3
5
8
7
6
3
98
19
5
28
98
11
18
2
42
6
4
3
3
3
98
3
6
2
2
8
8
16
3
6
6
9
12
2
6
8
21
5
2
11
8
98
98
50
4
2
23
8
98
2
98
4
2
6
13
18
9
98
3
1
8
11
5
98
57
6
1
26
2
4
98
2
6
4
98
3
9
98
6
63
52
77
6
98
2
24
10
9
2
11
7
5
8
7
10
2
7
98
8
98
2
2
5
4
7
3
10
3
6
2
5
15
5
2
5
3
2
3
98
98
1
46
3
2
4
19
98
98
98
7
3
5
41
98
3
3
3
6
2
4
8
5
98
5
2
3
6
3
3
98
47
5
3
4
2
8
3
5
8
6
9
3
5
6
98
10
5
5
7
3
4
6
3
17
2
2
3
98
4
2
19
3
98
4
98
47
3
5
6
2
3
2
4
18
7
15
3
3
3
4
7
98
6
3
13
8
15
13
4
2
1
2
4
98
5
5
36
60
6
2
98
3
3
8
11
6
44
2
2
5
5
98
5
2
5
10
3
2
9
8
11
2
6
2
7
3
19
8
3
2
98
3
29
9
2
2
10
6
4
6
98
6
2
10
9
5
7
98
98
98
7
98
3
1
27
3
9
14
98
10
3
98
3
3
40
83
3
6
9
98
8
8
9
4
12
3
98
6
3
3
3
5
98
19
35
9
6
7
4
98
7
5
16
3
4
6
4
7
31
75
3
5
7
98
98
3
98
98
2
4
38
43
2
4
46
98
5
2
10
4
5
23
9
11
3
6
98
8
7
73
3
98
5
3
11
12
2
98
3
10
3
3
98
3
98
6
16
2
9
2
98
4
2
98
18
8
47
2
98
98
98
4
4
2
7
22
6
20
4
4
3
11
39
39
4
98
98
4
98
5
4
3
98
98
5
6
16
5
5
13
4
7
6
98
3
98
98
2
98
27
3
29
3
7
5
6
3
6
13
5
98
98
16
3
3
2
3
28
2
9
18
4
5
26
98
8
3
9
2
3
1
7
67
9
3
2
8
3
6
98
1
23
2
2
3
3
3
7
36
1
3
2
6
98
3
4
3
4
12
30
5
22
5
8
3
7
79
5
6
2
21
98
51
38
4
98
2
19
4
16
6
2
2
98
4
5
7
4
6
98
5
3
40
98
98
98
2
6
52
5
98
98
34
4
2
98
3
2
10
98
4
9
4
3
5
3
38
4
2
44
6
98
98
98
3
3
62
9
98
6
98
3
98
22
3
98
3
6
5
2
2
3
3
98
6
98
11
3
6
8
6
86
8
9
6
3
7
27
15
4
2
2
98
14
30
32
3
19
6
28
98
2
4
15
4
98
7
18
3
8
2
24
5
24
98
11
98
56
2
3
98
6
47
19
3
98
98
3
4
6
3
1
3
2
98
0
5
3
5
98
4
98
3
98
11
2
9
98
98
98
2
4
3
3
8
4
7
7
4
22
98
7
10
8
7
17
3
16
98
2
5
14
98
2
7
98
2
3
98
2
2
24
5
6
4
6
5
2
6
44
37
98
14
22
6
15
34
4
18
2
12
6
14
2
4
6
3
98
6
4
66
4
4
16
98
9
3
7
3
98
98
38
98
98
2
3
33
5
2
98
2
2
3
3
3
9
4
2
2
4
19
3
14
2
4
63
11
98
2
3
5
3
7
10
7
6
6
98
60
4
4
3
98
2
98
19
2
13
8
4
1
42
4
98
20
1
33
3
30
98
5
37
28
16
24
13
4
23
98
4
98
9
8
7
2
9
85
38
98
9
31
98
70
98
17
11
12
2
11
7
36
8
12
16
4
12
15
9
1
4
3
4
58
11
11
3
37
3
98
3
5
18
5
30
3
10
2
4
3
98
21
98
98
98
5
2
60
98
6
22
3
3
3
98
98
15
3
5
6
3
72
3
3
2
8
48
8
5
6
41
2
3
34
3
6
69
6
3
2
32
4
5
3
5
8
98
2
66
7
5
98
14
10
38
6
2
98
7
45
17
9
2
19
2
4
3
7
5
98
6
23
43
3
3
98
6
6
6
7
7
11
6
6
85
1
11
34
6
1
21
8
3
27
9
3
46
3
8
98
7
98
3
9
15
5
98
5
12
5
98
10
5
5
7
7
8
3
4
3
5
8
7
6
48
48
98
7
7
98
7
4
5
82
2
3
16
6
98
18
6
17
2
98
1
5
44
88
6
3
3
4
4
70
3
9
11
21
4
4
11
19
9
64
5
4
2
5
8
66
2
2
9
4
1
25
8
89
7
3
3
98
2
3
7
3
15
12
3
2
4
10
4
4
4
10
9
4
7
0
66
6
98
57
12
2
89
98
10
3
6
7
98
7
22
98
4
7
4
14
5
3
5
5
3
2
6
21
4
8
92
3
4
4
98
6
74
50
17
3
98
2
4
0
98
14
12
5
8
98
2
3
11
98
11
25
38
3
12
98
5
98
6
4
14
25
98
10
2
27
45
10
35
6
6
8
7
98
11
98
17
18
8
98
4
2
9
7
31
33
3
10
4
15
7
33
3
4
9
3
10
98
4
46
98
3
8
98
4
66
6
28
7
4
38
3
80
5
78
9
11
89
3
4
98
5
16
6
98
98
4
4
8
54
98
7
4
3
8
12
86
11
3
1
3
6
4
6
5
8
3
3
29
2
28
19
98
2
3
98
4
2
3
98
5
8
5
22
3
51
6
24
2
98
98
98
4
1
5
72
22
5
8
28
3
36
11
3
7
16
98
8
43
98
6
2
6
4
28
2
98
8
8
6
98
18
2
98
15
9
98
98
3
98
7
5
2
10
6
71
2
18
2
6
3
2
10
8
5
9
4
4
10
98
98
2
8
2
8
0
68
8
8
3
3
5
3
5
2
10
98
16
3
27
98
4
15
6
98
17
6
98
9
60
98
7
7
98
5
5
3
98
3
5
3
1
98
3
7
18
3
98
11
3
3
2
98
98
10
2
98
98
98
4
5
3
6
35
3
6
3
3
4
14
3
22
12
4
39
5
98
3
3
6
13
10
10
22
28
98
3
6
10
4
5
3
43
98
28
27
98
9
98
9
4
56
8
0
55
2
18
51
3
9
98
14
4
4
98
98
2
5
5
8
5
10
98
10
4
33
98
98
98
1
6
2
5
19
6
98
90
5
3
98
13
98
17
6
8
98
98
24
17
98
3
4
5
20
4
98
3
7
7
2
3
10
98
5
4
6
53
98
3
98
3
98
8
86
3
3
44
2
0
7
70
26
21
4
5
7
98
20
10
46
6
10
98
8
8
5
98
24
5
3
17
5
2
2
30
98
9
0
3
6
98
4
8
98
10
6
21
16
98
7
98
22
16
25
3
9
7
98
14
6
98
9
8
98
5
2
9
7
98
98
18
5
9
3
98
7
2
98
5
4
98
8
4
98
7
10
8
51
2
8
98
98
7
2
77
10
5
3
3
2
68
26
98
8
98
10
47
8
98
6
41
3
98
26
6
19
3
8
4
43
98
18
2
23
98
40
3
98
3
3
9
8
43
2
98
9
98
20
13
0
98
5
5
5
2
14
4
3
3
7
7
3
3
3
4
17
98
5
33
3
34
98
6
98
74
2
34
10
8
5
98
2
75
11
2
7
2
12
2
8
32
35
77
2
3
4
98
1
15
98
98
8
4
3
2
9
2
13
5
13
10
6
2
8
97
4
5
3
8
4
2
48
2
6
7
7
98
8
2
3
98
15
98
98
16
9
4
54
7
19
26
98
29
8
74
71
2
15
5
5
10
98
10
3
3
3
11
74
3
3
4
3
98
17
98
91
84
22
8
7
26
4
12
3
98
2
98
3
2
4
38
5
98
15
20
78
98
8
3
20
8
5
98
9
98
3
5
34
12
16
13
4
21
8
5
4
98
8
4
98
98
6
29
32
6
3
4
15
4
11
3
75
8
4
6
8
4
98
92
4
98
13
10
56
3
3
5
4
41
6
57
63
0
3
3
7
5
3
8
1
3
98
45
59
7
98
26
59
98
44
2
57
98
8
6
9
98
4
5
8
9
3
9
32
4
4
98
3
6
10
12
98
4
3
98
17
2
98
94
5
98
33
7
3
7
98
98
5
6
98
24
2
98
5
2
98
98
98
5
22
6
98
2
3
98
98
98
12
6
98
11
17
2
54
1
4
3
5
5
3
98
98
79
98
7
3
98
98
8
5
2
4
98
2
3
2
98
8
8
11
41
27
4
6
5
7
98
6
6
5
4
3
1
3
2
3
9
98
5
19
5
98
3
62
8
98
98
2
40
9
98
21
73
98
98
3
8
88
7
2
3
4
27
98
3
19
19
77
9
98
4
3
2
29
3
53
10
46
43
6
13
9
2
8
8
8
28
98
8
98
98
3
36
3
98
98
3
4
98
5
3
3
