16
54
33
22
27
13
17
80
98
4
9
46
11
4
8
7
20
6
9
3
2
85
6
26
13
17
6
98
15
11
98
53
7
3
98
30
20
3
5
13
98
1
2
98
36
98
26
6
38
10
98
4
9
98
4
6
14
6
98
7
5
12
6
2
26
16
3
5
98
5
98
8
25
5
5
7
16
8
3
13
3
16
2
6
19
12
6
6
6
8
7
11
3
4
4
98
21
98
90
7
31
4
29
2
78
66
98
17
5
89
44
4
11
5
6
36
11
98
11
5
11
23
11
22
2
19
5
21
98
4
7
5
6
53
10
98
5
4
22
14
3
12
18
15
9
6
6
40
16
98
9
3
88
2
6
2
4
98
3
59
12
3
8
3
98
9
4
5
8
18
98
3
27
2
18
25
9
98
9
5
79
19
13
8
9
14
9
2
14
37
15
6
12
6
5
68
18
27
19
9
3
6
8
98
47
49
5
6
7
7
98
98
14
72
5
44
3
17
55
3
9
8
98
2
7
98
3
3
98
98
76
6
7
4
98
98
7
18
17
98
26
98
7
98
9
18
50
2
98
19
28
4
31
98
8
28
19
7
29
98
3
10
25
98
7
2
36
8
55
8
8
2
11
11
4
13
29
21
8
17
98
8
2
7
9
12
6
19
24
3
33
18
8
3
12
11
3
5
16
5
98
16
25
2
8
98
54
17
98
3
98
2
13
6
2
3
24
5
8
6
12
98
9
20
20
2
95
4
98
98
9
8
3
3
6
13
6
7
16
10
98
71
4
3
20
98
98
20
19
52
98
98
9
49
30
6
5
13
12
5
7
4
2
4
98
36
45
5
98
98
6
18
53
98
16
8
7
10
3
5
28
98
26
42
5
5
98
7
25
2
6
2
13
98
13
9
30
5
31
98
98
98
12
14
23
5
98
18
1
7
3
4
55
98
98
98
5
98
3
26
3
9
98
82
15
9
4
6
4
98
8
98
11
15
14
3
7
16
12
98
98
98
6
21
98
3
3
1
14
10
14
4
6
4
10
7
16
5
98
98
4
20
8
98
8
9
11
3
15
3
9
12
38
5
98
98
98
98
6
98
3
5
3
9
9
19
5
98
37
8
3
6
69
23
11
12
98
4
98
4
4
6
13
8
98
11
98
98
5
98
17
93
31
27
4
4
28
24
7
3
98
31
98
3
3
3
3
98
35
7
98
9
98
8
98
98
4
98
8
98
8
6
5
5
33
9
29
9
98
40
9
3
3
3
11
6
98
98
6
98
4
6
78
17
3
14
61
8
98
17
12
9
98
3
27
66
98
18
7
34
16
98
97
42
3
60
12
98
7
15
46
14
14
66
98
6
64
6
98
10
98
98
35
16
20
16
3
6
3
28
98
98
9
21
8
7
9
62
9
2
3
98
27
7
10
23
98
66
15
11
17
10
12
9
13
10
6
24
4
16
27
9
22
9
5
10
98
8
7
5
16
7
11
1
10
11
5
11
13
7
8
3
4
98
43
2
5
4
7
15
3
14
98
1
8
98
8
8
98
47
49
98
9
2
3
5
1
2
14
4
5
8
7
98
3
12
25
3
73
8
98
7
9
98
3
47
11
9
9
20
17
98
98
11
26
3
5
4
26
10
98
8
4
7
3
98
14
17
4
98
98
33
14
6
25
3
98
9
2
9
3
13
6
98
3
4
9
21
4
8
3
13
98
13
9
3
98
39
7
7
12
10
3
86
15
3
19
19
16
21
45
47
6
98
98
98
97
49
9
4
4
16
7
9
17
27
98
6
5
5
2
24
4
10
6
7
12
9
22
98
40
98
6
7
98
8
34
3
9
8
1
98
13
16
20
4
7
9
27
10
23
4
98
72
98
17
7
4
78
24
10
7
4
98
10
10
11
98
9
8
11
4
98
3
6
5
22
6
5
42
44
7
98
3
51
14
3
37
33
7
7
8
25
2
7
10
60
7
4
12
98
7
4
98
74
7
6
39
19
10
7
6
17
98
98
10
42
98
8
91
62
3
17
3
57
20
3
38
42
3
10
4
6
84
18
21
11
6
3
39
6
7
8
98
3
5
5
13
18
98
8
2
17
5
27
33
10
17
7
98
22
6
3
25
10
21
33
5
2
6
5
14
85
9
98
98
17
98
6
5
13
7
7
6
56
98
7
3
1
6
87
85
25
9
5
7
27
3
5
5
16
4
17
10
3
5
11
6
7
20
98
8
98
6
26
22
6
35
7
27
12
5
9
6
3
8
7
98
3
98
47
8
12
5
14
29
4
5
3
4
98
10
98
98
7
33
98
7
8
9
6
26
9
12
23
10
41
10
40
11
98
98
8
9
8
98
3
11
10
9
98
7
98
98
14
98
15
28
4
29
2
16
5
10
47
23
14
4
26
8
74
98
9
35
28
8
2
2
13
9
9
5
26
7
20
98
14
10
98
2
86
3
8
47
10
5
98
4
11
7
10
9
5
30
3
7
50
6
27
9
6
36
98
18
0
5
7
6
3
23
19
2
5
3
9
28
15
10
98
5
3
10
10
8
7
98
4
7
9
8
6
98
10
11
6
13
98
3
4
37
34
98
18
6
7
43
5
17
6
20
9
6
4
8
4
10
6
98
8
4
4
96
7
8
29
3
98
5
21
10
20
21
8
7
55
98
98
24
14
4
10
5
4
98
98
98
14
98
1
15
3
98
9
26
11
5
6
9
6
22
2
9
10
9
23
3
14
14
20
3
5
3
81
42
2
8
9
11
9
5
13
6
7
8
5
9
98
98
2
3
3
7
10
6
3
10
36
55
98
7
5
98
8
18
98
80
16
17
98
16
14
98
51
23
20
22
8
49
4
15
22
21
10
9
17
98
6
98
6
14
20
98
6
3
15
10
98
21
26
98
4
2
6
17
98
6
5
75
13
9
5
6
9
6
10
8
9
3
10
4
10
17
5
3
98
35
3
9
98
13
98
61
12
98
7
2
10
8
4
11
98
10
10
5
7
12
5
7
98
38
4
6
8
25
4
98
3
14
8
12
3
10
20
19
9
98
98
3
98
6
66
2
4
34
9
27
98
36
7
16
15
7
98
7
21
98
11
3
31
98
5
98
5
3
7
10
21
53
5
3
2
6
16
28
10
7
4
10
3
5
46
2
5
10
17
98
33
23
7
9
4
6
5
22
12
5
9
14
5
98
22
6
9
38
98
5
98
5
6
2
6
11
9
98
7
9
4
98
19
15
17
48
2
2
38
5
23
26
98
4
11
7
16
3
11
3
4
5
85
55
5
98
98
2
7
10
7
98
98
3
14
7
28
98
98
6
5
9
16
98
4
86
4
3
3
16
9
98
5
4
64
5
7
2
4
32
78
98
5
53
21
13
19
3
7
14
98
8
4
98
25
98
20
10
10
4
29
8
3
6
10
11
11
36
98
13
4
4
7
16
45
91
10
15
29
7
12
98
98
57
21
11
23
15
27
8
4
98
9
9
7
5
25
4
14
31
3
5
17
8
3
9
11
14
98
51
5
98
10
4
19
5
15
98
73
44
7
4
12
3
4
98
98
5
9
1
0
6
16
72
49
98
9
98
98
7
7
98
22
21
5
3
28
9
17
3
5
98
98
3
62
11
6
98
98
18
98
3
9
24
8
4
12
8
10
11
7
9
41
5
16
98
3
7
98
17
98
26
2
98
98
17
3
14
26
6
17
3
3
5
11
9
3
7
41
7
10
3
8
98
98
0
2
50
9
34
13
6
4
5
24
33
16
12
12
1
28
98
5
10
12
4
14
13
9
3
98
98
5
25
4
26
98
10
9
6
98
19
6
11
9
5
16
12
9
14
9
12
3
2
29
17
17
27
32
51
4
6
4
10
4
13
98
6
15
11
7
7
6
6
43
98
7
10
5
4
13
4
4
4
10
5
98
5
9
8
18
4
3
98
6
21
15
3
3
8
98
11
10
11
7
11
7
12
2
17
10
88
4
4
11
11
7
98
4
53
2
6
8
98
33
15
19
10
30
98
19
3
67
2
18
7
16
2
3
21
66
16
9
4
27
2
7
5
98
9
5
45
37
98
8
10
3
30
5
3
5
9
98
9
5
6
11
98
98
5
34
9
1
77
7
5
35
5
98
36
2
3
3
3
98
11
98
98
7
9
14
27
30
6
14
8
77
46
5
9
14
26
98
2
6
21
98
98
21
98
5
98
11
30
36
21
98
5
11
98
5
5
98
14
10
4
6
11
5
16
8
5
4
4
6
12
98
17
98
98
6
58
4
6
4
98
5
3
6
98
5
15
15
20
7
98
3
98
9
9
98
98
42
15
6
98
4
21
56
11
98
23
7
55
98
98
13
20
49
6
5
12
98
18
13
12
3
13
98
67
32
10
29
10
6
5
41
10
29
8
9
10
7
4
15
4
98
4
14
5
98
27
4
3
3
8
9
6
98
18
88
27
16
5
98
3
4
19
4
53
26
3
3
24
10
4
8
5
4
6
4
91
98
98
98
98
5
5
98
18
4
9
98
6
98
2
8
4
3
27
11
4
57
10
2
98
3
98
25
3
7
7
98
1
6
98
18
98
9
98
10
5
10
14
10
12
14
7
7
5
2
18
2
20
90
8
11
7
3
2
3
5
28
2
4
2
2
42
98
4
5
98
12
4
3
7
98
3
31
5
98
24
14
8
25
98
78
4
7
18
98
11
10
98
11
98
98
98
98
23
34
2
98
21
98
12
10
8
5
19
4
6
12
10
13
98
24
2
6
42
98
3
49
44
50
15
4
9
10
4
98
4
98
7
4
30
4
5
2
98
8
98
24
24
9
16
12
98
16
98
9
13
98
2
3
4
31
4
17
51
6
51
11
16
4
32
7
6
13
5
98
5
5
5
98
27
4
24
98
4
6
7
10
2
3
33
16
98
5
4
3
9
98
3
56
98
7
26
5
98
4
98
6
59
4
81
4
13
98
6
35
8
13
7
19
98
6
3
19
98
46
25
98
8
4
10
11
23
98
6
98
17
2
9
4
11
8
12
13
2
5
10
4
4
26
4
14
13
98
11
98
98
98
6
98
9
11
5
2
10
10
23
5
7
29
30
6
5
1
3
98
98
4
56
12
38
13
50
77
20
10
13
2
2
28
98
98
15
5
5
88
27
0
9
2
7
3
2
98
98
5
3
2
7
10
64
6
62
7
98
20
4
7
98
20
4
8
5
61
7
3
6
9
12
98
10
2
6
5
9
98
98
7
17
98
2
6
7
1
98
1
7
14
13
98
11
6
12
2
10
10
53
10
11
98
5
14
98
3
98
29
2
10
5
4
4
9
4
4
8
65
9
34
3
8
98
98
6
10
7
7
98
2
6
8
98
4
6
10
11
3
98
71
61
4
7
3
6
3
98
25
10
3
6
14
5
3
33
7
87
22
7
98
3
6
98
5
7
15
7
98
11
21
4
12
2
12
12
3
98
98
20
2
3
2
8
3
7
6
48
3
10
98
6
5
98
6
5
8
17
9
10
98
14
24
2
8
9
5
4
7
5
3
7
2
10
3
8
5
12
7
3
1
4
6
6
15
14
7
9
18
6
39
77
5
2
98
4
4
21
3
98
98
3
8
4
98
5
11
9
31
6
3
6
6
13
16
98
2
59
98
6
3
15
4
9
98
3
8
6
30
98
23
98
15
4
8
3
7
98
71
3
3
4
2
3
98
8
2
66
16
3
98
25
15
3
98
18
4
8
5
6
17
98
26
12
19
54
26
11
16
5
8
4
98
98
5
10
5
98
37
29
4
63
6
28
5
5
98
9
98
56
2
98
98
98
7
4
11
17
24
98
4
3
4
16
2
9
5
7
80
16
43
98
37
5
44
17
6
6
3
2
98
8
63
11
4
10
98
31
51
21
9
6
8
10
98
5
5
20
7
28
1
5
98
33
11
7
3
82
51
3
98
3
6
2
14
8
15
10
98
14
3
8
9
5
2
11
4
6
10
98
5
5
9
2
98
2
5
9
5
4
28
9
7
4
3
11
3
98
98
8
1
30
5
98
7
8
17
15
38
7
11
20
5
19
8
4
98
13
6
16
3
98
6
2
19
73
98
12
8
9
6
76
5
6
7
3
98
98
7
8
11
66
13
2
19
98
12
4
14
42
8
2
10
98
27
15
3
36
7
42
18
3
9
4
12
93
84
98
2
2
25
49
8
22
10
45
21
11
27
39
4
7
6
7
10
98
4
4
9
3
68
98
1
6
8
23
98
2
98
58
38
37
59
4
6
4
5
4
22
5
11
29
3
15
16
92
98
6
5
98
4
5
7
5
17
35
7
26
4
31
8
5
9
19
2
3
17
7
4
15
4
12
7
38
98
19
14
2
14
1
10
98
68
9
2
25
20
2
15
32
6
10
6
6
5
6
19
3
15
3
13
10
9
6
5
57
8
6
6
1
1
4
6
9
10
98
98
10
1
9
10
8
21
98
98
98
8
10
8
3
4
4
5
8
15
24
9
6
7
13
13
31
19
28
31
98
11
5
7
7
11
4
3
3
14
2
13
51
9
13
3
11
32
4
3
98
3
4
7
8
5
2
11
58
3
5
3
98
41
15
44
6
9
98
58
21
55
3
4
5
98
7
3
4
6
5
4
98
1
98
7
98
4
4
3
17
98
28
11
98
8
13
98
98
24
98
32
4
12
98
5
98
4
16
10
43
27
8
7
42
29
98
16
8
12
2
6
12
38
7
19
42
9
98
98
14
53
6
55
0
98
2
4
19
1
37
6
37
8
3
7
3
78
7
4
5
6
98
11
14
4
2
3
34
98
29
7
5
37
19
10
94
21
76
3
25
29
24
6
6
5
6
5
21
98
98
4
12
19
15
5
3
98
17
8
5
10
9
4
2
9
23
8
3
47
84
2
6
39
4
28
9
12
10
7
3
46
98
10
30
98
49
59
4
17
2
3
25
7
3
18
23
3
98
9
6
12
5
53
9
12
3
7
3
7
8
1
11
4
75
13
19
23
32
22
12
40
8
10
10
4
5
25
13
23
5
19
98
40
47
4
45
5
4
10
9
4
40
41
4
10
4
9
3
3
98
5
15
18
4
3
4
20
29
98
3
7
4
98
98
7
8
8
20
5
4
97
4
13
1
8
16
46
15
3
1
65
7
62
12
4
4
4
7
7
5
98
3
6
2
98
66
8
21
98
21
57
4
13
17
13
98
12
4
34
28
51
9
9
15
4
49
26
45
6
3
6
4
98
4
77
6
16
6
17
49
72
8
12
3
9
98
5
3
3
1
7
4
49
6
4
11
4
3
6
17
3
5
6
6
21
5
20
18
12
7
5
5
98
14
98
3
17
98
5
10
23
6
98
12
3
6
24
3
6
18
15
6
8
69
5
2
5
98
4
15
98
16
2
6
1
98
8
8
48
35
2
16
41
8
3
98
9
12
3
21
3
3
1
98
9
12
6
98
98
1
7
5
4
5
2
77
6
1
10
21
15
10
4
7
63
23
9
15
2
34
2
7
3
8
16
23
16
3
13
9
13
10
6
2
5
98
61
34
3
24
14
2
79
16
19
82
98
48
67
8
3
22
5
61
7
25
5
87
70
98
5
28
46
25
29
3
17
5
13
96
7
6
16
4
4
9
13
1
28
4
6
4
13
98
5
8
3
60
8
3
28
9
15
13
34
17
