25
56
98
41
98
12
14
6
13
98
9
43
22
33
24
14
52
1
37
20
98
98
20
75
30
40
67
6
14
78
98
8
24
98
56
46
37
71
40
1
22
10
45
9
9
98
3
47
4
9
21
1
2
45
6
31
98
98
28
19
98
11
42
5
39
10
37
29
10
22
38
18
98
10
7
2
11
8
1
7
1
98
14
2
59
1
8
4
37
6
98
17
48
84
16
98
5
98
48
39
16
98
3
19
3
15
98
16
8
11
11
8
5
7
14
11
28
19
15
10
3
98
15
98
23
50
34
98
74
81
53
81
63
98
12
4
14
98
98
12
98
48
6
7
43
98
24
11
39
69
98
32
55
9
58
4
88
32
1
6
12
5
33
98
27
7
27
9
70
21
5
10
98
34
26
19
98
2
3
9
46
9
98
64
43
10
53
0
16
22
93
47
98
2
30
7
17
41
98
9
28
24
25
46
61
48
98
35
2
31
18
96
98
13
3
37
2
10
67
16
12
6
6
6
8
26
98
7
9
35
65
19
6
98
15
38
28
96
14
98
33
88
11
98
35
44
98
10
7
40
3
7
18
8
72
73
66
24
98
98
17
98
24
98
55
50
27
55
2
62
2
58
85
98
6
98
2
98
6
18
18
21
87
52
40
4
43
19
98
47
17
98
49
59
33
46
98
12
12
25
11
6
24
15
50
76
2
7
53
48
85
10
41
6
95
43
98
89
8
64
98
10
18
21
21
12
29
31
27
45
11
8
19
3
98
74
98
71
98
23
98
46
98
43
3
98
98
98
3
17
98
80
63
11
6
98
50
2
2
5
51
78
74
22
70
76
93
7
98
98
98
13
98
8
88
15
39
98
98
11
26
37
3
4
98
9
98
73
2
18
98
23
20
16
98
98
22
5
98
98
98
31
10
63
98
43
80
3
59
8
40
98
29
98
53
92
35
98
5
30
19
58
48
82
21
2
98
4
98
11
4
35
98
98
98
98
11
40
18
98
28
98
98
21
15
6
4
73
15
98
78
26
98
32
5
98
6
98
2
45
75
13
98
53
31
52
66
98
4
98
98
98
7
40
24
85
98
58
61
21
61
98
38
6
98
10
87
79
28
64
98
98
24
42
98
40
2
20
98
98
98
5
98
16
3
56
25
36
26
13
18
65
10
84
98
7
3
50
2
55
98
33
82
12
12
98
84
24
2
98
68
11
2
25
98
35
98
24
70
98
71
61
4
62
27
56
24
27
98
98
18
7
4
4
98
10
11
62
5
98
5
98
21
63
8
67
39
26
3
46
36
89
98
40
13
98
33
19
18
72
8
98
31
98
98
24
2
2
12
47
12
46
11
39
18
21
6
46
40
2
31
2
98
98
10
9
13
27
58
13
44
98
3
98
1
46
13
46
10
79
98
17
27
98
4
18
3
11
33
45
17
66
24
9
98
92
98
98
98
45
31
98
4
56
98
35
98
79
98
30
46
27
4
10
35
98
57
58
98
7
19
34
98
53
8
2
98
14
51
21
2
98
18
38
56
16
98
8
58
98
5
20
4
0
98
8
32
98
6
98
2
32
19
18
65
20
17
64
98
76
97
8
14
13
10
2
18
11
2
98
98
17
32
27
98
98
9
9
50
20
98
98
36
34
6
10
3
92
7
23
4
98
98
37
58
39
28
33
6
18
31
98
98
42
22
44
12
90
43
32
19
98
98
59
64
28
44
34
98
93
98
6
14
23
98
53
98
98
98
96
67
3
98
1
2
32
63
98
3
19
49
12
58
20
6
2
41
34
98
80
50
4
18
44
5
13
6
98
66
56
28
98
98
98
25
28
44
98
13
77
86
33
98
37
12
24
17
5
8
25
3
78
74
27
56
1
7
43
8
51
18
9
14
20
24
13
19
62
38
61
87
7
1
11
98
22
28
5
4
23
6
90
19
20
36
18
92
10
98
42
98
23
20
98
27
4
46
18
70
27
77
8
8
35
90
85
71
7
15
98
39
28
44
24
98
29
5
14
98
2
16
71
66
5
76
6
8
98
98
68
47
13
83
46
98
2
98
98
98
59
11
6
38
8
48
9
64
24
16
26
98
13
44
98
18
55
98
52
1
40
32
98
57
5
9
28
58
63
28
98
68
8
40
98
98
98
98
98
61
98
75
33
98
23
18
98
34
32
98
8
48
16
81
63
29
98
15
16
2
45
14
10
98
31
28
98
1
30
98
23
82
98
12
5
30
98
82
3
98
50
2
98
98
27
98
16
4
17
0
40
4
13
31
21
34
4
98
65
80
98
80
45
9
77
2
72
60
12
21
6
98
45
98
62
98
98
23
35
98
98
25
25
5
10
31
17
2
65
11
22
9
7
98
55
48
6
92
65
48
32
98
98
5
7
98
98
87
11
23
43
7
78
20
98
39
98
40
14
65
19
12
98
25
21
98
9
43
45
98
12
34
81
46
37
13
17
6
98
11
21
98
98
25
30
23
39
31
11
71
10
98
4
98
24
11
3
22
98
98
10
49
27
46
88
6
52
68
14
32
98
48
8
40
98
37
17
40
98
9
98
21
10
20
45
14
2
19
98
38
98
24
60
57
87
37
47
63
34
41
88
67
36
37
56
7
55
10
98
98
2
36
98
24
34
51
98
98
4
10
22
20
14
47
20
17
93
92
70
52
41
2
98
44
5
84
20
8
22
22
98
3
6
98
13
98
90
65
34
11
98
40
25
2
40
78
98
4
1
98
1
20
29
2
25
28
18
33
98
37
26
98
10
32
2
30
30
19
11
18
90
12
19
95
33
2
5
4
7
49
26
9
98
98
72
27
98
10
53
98
2
7
11
12
9
14
4
63
22
36
41
13
20
82
98
98
11
98
98
85
58
98
20
47
98
98
53
10
98
98
19
4
42
11
8
29
15
43
6
98
29
38
16
63
4
98
22
8
35
3
98
79
32
3
98
37
11
38
17
33
10
10
98
62
98
48
16
34
98
98
49
66
67
4
58
98
31
9
16
40
49
98
5
71
98
8
40
98
35
42
8
98
98
5
3
5
24
33
17
98
77
43
30
98
54
53
10
98
98
6
3
70
6
20
9
98
98
98
8
71
98
75
57
48
4
98
72
2
87
72
61
30
16
2
55
5
44
17
15
98
3
20
27
8
59
98
34
41
15
98
98
8
98
49
11
26
4
98
55
35
8
9
98
98
6
98
98
62
6
91
37
18
9
82
75
2
98
15
41
5
28
12
86
98
49
31
16
1
5
98
98
8
5
98
98
91
94
43
66
61
98
3
54
34
21
6
0
23
73
23
9
18
17
7
11
98
83
25
12
15
68
98
92
25
13
17
17
98
30
7
10
6
77
13
80
78
14
98
6
37
7
69
14
10
98
71
14
17
60
45
91
7
82
31
3
40
8
40
20
73
3
49
44
98
43
28
98
98
17
98
56
35
25
7
33
9
31
98
33
52
3
34
33
24
60
49
1
66
28
59
70
31
2
98
4
16
3
43
52
98
98
4
40
20
31
31
56
62
19
98
13
9
30
58
98
24
50
4
98
15
19
15
98
22
3
71
98
19
55
45
98
17
98
15
92
12
98
22
45
54
20
41
31
15
98
5
98
71
14
65
11
98
47
98
32
48
23
51
41
51
55
5
37
49
6
11
52
41
1
17
46
15
16
42
8
98
8
52
50
98
2
9
4
98
98
18
98
98
2
58
58
64
58
8
98
44
11
9
46
98
4
63
58
98
10
35
37
15
14
75
14
14
5
11
18
76
3
55
98
60
29
74
96
51
60
77
13
2
21
9
98
14
98
59
12
98
21
7
15
3
10
15
14
32
11
30
98
6
35
19
98
73
51
98
98
84
98
98
7
95
30
98
11
98
17
13
34
26
26
41
98
46
9
34
3
26
51
18
10
3
42
98
63
98
8
2
2
10
20
5
98
30
88
17
98
35
22
10
96
94
60
43
46
98
98
18
37
36
11
2
24
65
36
4
10
26
98
9
9
39
6
18
7
6
31
9
98
7
68
2
11
56
11
17
33
98
7
84
40
14
12
55
98
98
6
35
10
39
23
40
98
10
98
77
54
70
50
41
98
7
49
98
34
98
36
19
49
41
2
2
7
17
71
73
39
39
10
2
74
40
5
65
98
50
98
23
98
23
52
8
98
72
12
26
7
7
74
7
4
2
98
76
26
47
78
25
6
54
14
53
43
35
33
40
98
81
98
43
32
37
8
61
98
10
66
88
17
8
98
2
60
28
6
22
6
37
48
98
16
19
6
20
15
27
5
35
98
63
74
7
2
9
98
11
42
23
23
17
42
15
98
17
51
98
98
12
34
3
8
15
12
75
26
3
98
64
27
98
84
98
80
39
7
98
98
28
26
12
98
36
98
33
29
19
98
0
58
45
40
41
98
55
98
98
52
98
30
98
47
98
98
67
98
98
9
19
8
46
37
85
9
86
98
23
98
54
17
96
98
7
16
36
98
11
98
98
98
8
98
78
13
47
38
6
5
35
31
98
91
98
16
11
98
43
80
34
5
7
45
98
7
57
6
92
98
20
98
93
58
98
98
98
28
6
36
98
16
3
98
8
98
98
16
3
98
4
73
18
1
10
98
30
28
98
54
16
35
5
95
13
5
68
98
98
17
43
98
10
36
28
18
20
54
14
68
2
0
60
31
2
22
16
44
90
35
66
58
5
5
57
7
51
98
11
51
54
52
11
98
14
15
30
1
6
98
48
20
22
98
18
23
83
98
4
69
8
92
24
8
38
25
98
43
98
51
20
8
88
98
14
98
98
87
42
24
52
87
98
45
28
30
2
66
75
9
28
10
11
98
3
98
4
22
8
40
98
11
2
98
17
98
13
14
10
98
2
16
46
98
79
98
2
28
19
46
20
81
53
98
60
9
79
30
72
3
19
11
92
19
53
39
14
98
5
98
38
2
98
1
69
9
38
53
2
39
78
6
63
5
16
25
46
98
2
12
98
37
19
98
1
98
98
11
48
98
98
90
31
98
98
22
50
98
17
47
98
12
24
8
98
22
12
7
12
98
20
98
98
98
98
98
23
41
48
58
16
98
39
36
19
60
59
9
18
31
12
98
98
98
52
29
22
4
13
95
98
98
7
98
14
40
11
6
59
98
15
33
98
51
98
14
7
98
98
98
20
10
41
3
98
65
20
28
98
92
21
98
57
55
57
67
98
22
19
1
2
70
98
10
13
11
27
98
61
77
98
7
79
98
29
40
19
38
98
40
81
98
98
98
16
98
98
17
19
44
98
51
98
42
98
98
19
4
2
36
28
15
7
98
98
56
10
98
28
98
76
0
98
78
29
8
16
98
17
9
98
98
21
94
98
98
25
16
92
98
98
98
12
42
55
98
74
76
61
98
8
98
2
48
98
98
30
9
98
98
50
39
89
5
98
78
98
71
95
85
98
5
15
35
20
98
98
98
98
2
58
98
64
5
77
98
39
8
98
98
98
28
22
98
3
98
85
98
98
3
98
98
26
77
98
98
24
98
98
65
98
58
55
98
58
98
4
85
6
55
98
24
98
98
25
98
21
70
98
98
6
98
96
21
9
98
65
98
69
78
98
19
42
98
98
98
30
15
8
98
31
98
27
56
8
88
51
94
48
62
98
34
43
2
98
16
55
98
21
4
98
28
98
21
32
3
98
73
9
8
98
48
28
98
98
15
85
9
5
14
69
12
50
45
16
4
98
4
2
9
26
23
98
4
76
2
98
19
21
98
98
76
17
26
7
4
63
7
98
98
30
98
98
46
98
1
27
90
66
5
50
49
47
15
19
34
29
7
53
1
27
98
64
24
98
50
19
16
9
24
1
35
98
79
98
98
93
5
93
20
65
37
98
11
4
98
7
7
20
57
2
20
3
98
2
34
46
87
2
10
2
98
4
98
32
28
2
98
2
98
98
1
9
72
19
29
14
31
14
5
8
12
3
2
42
98
21
41
29
72
98
22
5
53
45
11
64
11
33
25
98
98
9
68
43
30
98
10
44
66
57
28
3
4
98
48
98
75
7
98
2
69
11
20
6
20
8
32
15
8
67
13
18
98
7
10
54
20
33
12
22
58
13
18
57
2
98
95
98
11
1
20
43
51
49
20
98
3
40
98
3
57
17
4
5
3
98
6
50
8
20
61
95
98
29
6
54
13
98
3
21
14
12
13
98
27
13
98
21
28
37
98
40
3
26
15
39
4
27
16
98
98
4
44
1
63
7
9
61
12
6
6
45
42
16
17
5
48
17
23
52
20
38
42
98
13
17
1
3
10
64
98
42
10
18
2
9
23
31
55
16
67
32
25
46
56
21
98
23
11
36
6
50
3
80
43
37
7
12
56
49
16
40
31
2
71
34
22
71
44
15
8
98
98
74
17
98
41
10
62
11
98
9
4
6
10
25
98
33
6
89
22
2
36
8
43
65
98
17
98
4
2
10
12
4
13
87
12
2
55
10
4
3
98
98
63
14
12
83
9
18
95
69
40
98
98
22
10
8
26
7
12
4
1
15
73
15
9
23
65
95
14
53
45
19
92
40
15
43
11
6
98
35
41
70
98
53
98
98
98
50
55
13
37
82
61
98
9
51
16
98
27
36
5
46
98
41
14
8
2
32
98
14
24
22
1
25
41
98
36
16
81
40
2
12
52
98
6
13
62
33
98
9
17
48
1
3
98
18
6
6
16
4
39
27
45
23
98
38
58
5
90
84
15
2
21
61
98
8
62
22
98
8
66
67
98
98
10
98
98
1
98
29
98
1
49
30
98
98
6
98
45
4
80
2
5
53
17
19
24
11
51
32
70
98
98
68
98
28
2
98
65
5
98
21
38
26
15
31
65
5
98
3
52
14
98
24
98
41
4
18
98
98
84
0
83
36
10
12
13
73
98
43
2
18
3
55
25
4
2
68
18
83
98
20
98
4
98
31
98
98
22
98
30
26
98
20
28
98
6
32
98
2
65
98
87
98
45
11
20
16
10
23
63
13
85
78
2
98
2
98
10
5
47
34
98
59
98
3
98
98
76
98
98
74
7
31
98
32
98
3
31
98
62
68
88
98
1
8
2
48
98
98
42
9
6
14
57
98
3
98
88
12
1
98
84
6
33
14
8
18
10
87
4
2
13
3
98
15
10
10
7
30
98
60
18
98
98
0
6
13
98
98
2
98
25
75
98
98
98
4
56
15
1
2
98
23
6
29
98
22
7
29
98
4
62
98
98
1
3
22
6
98
1
98
15
15
11
16
3
98
98
98
7
4
68
7
98
61
38
98
98
47
2
0
98
14
5
9
10
16
10
62
29
10
3
9
15
60
8
7
6
39
98
22
4
98
3
81
38
2
8
4
6
23
7
98
17
9
5
98
2
83
98
38
7
98
7
8
8
29
7
98
8
7
30
7
23
61
19
19
3
18
1
4
2
98
6
27
6
43
98
11
3
44
16
2
62
2
46
98
98
25
8
15
98
8
98
2
82
98
12
4
4
12
2
2
4
98
4
6
13
6
3
7
10
2
98
62
72
98
98
8
16
29
10
98
98
27
22
15
10
7
9
9
2
98
6
2
11
13
19
24
6
14
6
35
2
98
98
52
8
10
45
98
18
3
9
90
8
1
10
15
13
11
3
6
6
98
98
36
11
98
2
1
98
49
59
8
98
97
15
3
10
98
39
12
5
16
98
39
8
8
3
2
13
98
1
98
1
47
6
6
78
11
1
2
33
37
12
23
2
4
5
6
26
24
3
7
20
46
98
98
48
41
3
44
5
98
98
38
3
98
98
16
7
98
5
78
2
9
98
81
3
7
3
5
19
20
14
59
98
87
8
2
24
2
36
4
98
98
9
7
19
5
19
42
11
98
98
98
9
98
4
3
4
98
98
1
1
0
6
98
5
74
98
98
21
98
9
43
98
98
55
98
38
32
93
3
2
33
98
9
98
27
6
98
23
12
9
5
98
52
43
98
4
14
3
12
73
98
98
17
2
10
74
4
3
2
4
10
16
2
62
14
98
71
27
98
98
98
21
10
98
45
3
5
21
98
2
2
6
98
6
98
98
1
98
70
3
3
2
15
16
31
5
98
4
98
33
98
3
54
42
16
24
35
12
42
98
6
27
7
1
57
17
98
98
5
28
98
98
98
4
98
13
25
1
36
6
13
9
24
3
68
14
98
8
65
54
21
43
4
54
1
2
5
3
18
6
72
33
13
19
4
23
86
22
3
11
14
23
2
3
98
5
5
3
9
8
3
10
13
15
4
1
22
16
19
4
14
8
23
1
17
56
7
20
30
2
23
83
2
21
28
71
2
41
32
11
30
24
86
31
11
5
40
20
48
53
4
1
6
98
2
57
90
15
27
1
39
98
17
2
40
98
98
5
22
13
4
36
10
22
4
2
11
41
1
27
7
15
36
2
62
98
5
98
12
36
64
98
56
32
15
8
10
13
11
83
5
19
98
7
4
7
40
3
98
90
52
10
98
6
44
31
3
4
57
8
98
5
4
15
18
98
98
55
54
9
4
21
55
48
51
21
7
13
14
47
4
6
3
98
32
98
7
51
14
3
1
1
7
6
62
14
28
1
2
4
24
7
31
23
6
33
7
8
66
2
87
40
98
7
22
23
21
56
98
8
4
13
3
21
39
33
7
37
98
81
98
2
82
8
15
6
98
14
25
45
98
3
98
70
3
29
6
52
16
7
21
98
30
93
59
9
87
8
12
46
4
4
75
8
83
1
6
4
98
98
3
22
22
8
6
17
21
5
10
47
24
47
15
6
98
46
7
98
19
98
20
4
16
98
57
2
98
41
46
98
4
4
8
98
40
25
76
11
98
10
2
27
6
26
2
5
42
7
8
98
9
85
2
4
98
3
12
1
5
18
21
34
12
25
2
0
11
2
98
2
3
2
15
2
2
36
1
2
98
50
50
15
14
6
2
53
5
36
19
1
47
14
51
3
6
23
98
9
54
23
98
2
2
5
98
20
8
2
23
4
21
98
6
13
49
98
98
98
2
1
12
98
5
3
53
64
10
8
41
21
98
4
6
27
78
13
40
14
59
2
45
3
17
98
5
98
2
9
98
12
1
50
29
45
87
98
86
98
37
29
98
98
13
17
