68
98
14
77
98
98
28
23
6
67
21
98
12
2
98
39
49
14
20
98
46
98
98
98
2
6
43
98
98
5
11
93
98
98
19
3
4
14
98
54
98
42
26
18
23
95
98
57
98
63
78
26
11
57
4
98
98
12
36
21
54
98
9
98
98
13
98
23
2
3
98
47
3
34
47
5
98
18
8
59
98
76
53
98
39
3
8
72
30
3
23
39
20
30
0
98
98
44
16
16
43
51
65
12
13
98
98
60
98
22
98
29
9
31
10
69
17
98
61
40
6
41
4
67
7
14
39
17
3
22
11
3
98
20
9
98
98
98
98
16
98
98
28
44
2
98
3
38
98
98
32
20
32
22
38
8
57
64
19
13
98
17
13
50
98
40
30
25
1
31
98
3
18
98
16
22
4
44
38
72
19
24
53
27
52
10
3
98
28
3
13
18
36
98
31
29
44
13
14
20
50
92
98
98
28
3
36
98
98
23
4
25
98
50
98
32
18
98
58
60
58
23
33
25
15
98
98
29
98
67
49
39
17
4
98
6
16
17
98
98
98
51
8
11
21
98
98
5
22
98
98
5
98
6
82
60
17
30
98
98
33
73
5
98
35
98
43
98
98
4
52
8
69
20
16
96
98
18
53
15
65
98
98
7
38
25
48
98
44
35
96
61
22
97
22
75
46
64
11
11
56
25
98
68
12
47
90
72
78
3
57
98
25
84
98
56
98
7
82
5
2
98
20
35
98
98
5
98
14
98
9
98
34
11
9
29
14
10
44
8
6
98
62
59
11
52
98
25
21
2
10
2
62
25
98
29
6
14
98
63
26
82
43
48
31
80
8
41
6
8
35
33
98
21
98
98
35
3
20
4
54
7
96
64
98
62
29
46
98
7
10
2
73
60
39
24
35
19
98
98
12
64
3
18
82
20
56
29
19
21
29
2
13
35
48
67
13
14
28
33
98
83
98
98
6
41
23
54
98
10
91
98
76
10
77
46
98
11
3
78
22
23
98
19
3
7
16
11
16
17
98
16
64
23
98
19
19
17
5
20
6
19
7
2
56
15
30
29
7
21
19
29
46
98
48
22
17
13
56
98
91
33
63
31
72
51
48
42
85
14
37
17
14
20
46
28
6
98
13
98
22
84
98
4
2
38
22
36
11
98
41
23
49
33
98
98
27
63
42
98
18
18
7
42
35
14
11
44
98
60
14
9
98
20
2
4
18
37
62
98
11
98
98
17
98
3
14
9
32
3
83
20
5
98
25
98
98
2
3
46
98
98
5
98
25
15
16
98
98
98
98
33
2
37
17
49
58
98
10
25
69
98
74
9
48
98
25
98
4
32
6
60
98
32
98
27
18
7
4
13
2
28
20
44
30
98
22
1
51
32
20
12
7
43
45
12
19
98
45
64
13
98
98
70
15
29
98
13
98
98
9
39
38
98
17
98
98
18
29
98
19
41
48
98
98
21
34
74
1
98
3
29
32
67
35
8
7
98
16
33
37
62
98
98
64
10
33
25
1
13
62
29
2
13
37
34
60
48
26
98
3
23
46
98
98
98
6
20
62
32
98
17
29
98
31
18
29
16
14
56
27
46
2
11
73
98
98
98
12
3
81
98
35
21
2
88
53
66
17
39
98
3
2
42
35
12
9
46
33
28
20
28
42
42
18
98
53
55
17
98
98
98
6
10
98
98
9
5
98
20
31
21
4
94
34
98
42
15
9
6
98
56
5
21
98
33
31
6
98
58
23
25
12
6
8
78
15
98
56
46
98
12
7
98
78
98
16
53
3
98
27
5
3
16
24
15
11
7
16
3
54
10
98
98
13
2
98
98
50
98
98
98
68
1
98
5
10
22
18
75
46
19
98
15
12
34
9
98
37
13
3
96
21
9
81
9
98
14
24
20
48
43
98
6
8
22
51
21
27
98
16
3
98
3
32
98
30
39
64
39
15
26
58
6
42
50
16
98
21
38
39
32
1
4
98
98
14
98
20
16
98
98
12
4
98
8
98
15
13
98
20
98
2
16
61
58
98
11
11
1
14
16
10
10
98
98
7
47
3
13
1
98
42
45
2
41
98
60
1
98
2
24
98
97
98
11
33
98
98
31
67
98
98
98
98
4
98
98
11
15
30
10
67
16
7
6
6
40
3
98
12
28
4
24
2
2
9
59
8
3
8
98
98
33
6
14
13
4
98
3
6
16
9
38
16
9
7
17
98
4
22
98
9
40
5
98
5
3
98
24
98
7
21
22
19
48
17
53
98
13
5
18
98
16
54
8
5
98
15
11
98
6
98
43
5
45
3
45
3
12
17
25
19
57
18
50
7
17
33
4
12
6
2
16
98
6
98
43
98
24
31
2
54
17
17
34
25
98
39
98
2
19
62
4
23
53
4
34
98
4
16
98
98
2
98
11
98
38
13
17
14
98
17
27
31
55
20
28
33
37
38
35
48
80
98
98
98
39
74
8
2
24
1
44
24
7
18
2
98
8
24
6
14
98
4
1
29
4
52
85
16
98
37
98
76
98
1
8
54
5
2
16
20
98
98
3
5
23
71
46
9
6
90
6
3
31
2
98
9
2
84
12
7
98
98
3
11
1
98
51
98
2
6
88
13
12
29
63
34
3
20
10
26
15
61
23
40
25
5
9
98
3
35
19
98
17
17
11
4
26
71
13
4
11
78
24
20
25
6
98
98
98
13
52
53
7
8
5
2
18
80
6
98
3
4
59
98
49
65
98
47
98
56
98
10
28
2
52
98
31
64
21
56
98
67
47
11
13
18
21
3
98
1
84
39
98
98
98
2
14
2
4
12
38
9
98
4
25
98
13
4
11
98
25
98
49
25
51
98
98
30
6
2
3
9
34
98
22
98
98
2
7
22
3
10
1
13
14
2
6
5
46
12
79
18
35
7
98
10
20
21
98
14
40
24
4
98
8
9
98
12
4
5
6
15
2
24
41
10
12
58
7
36
98
98
3
34
20
28
17
64
7
3
98
6
17
6
48
6
20
34
9
98
41
64
93
9
12
16
16
8
38
26
19
98
20
4
85
5
31
64
98
47
23
10
29
5
13
5
98
3
2
24
98
29
93
5
98
18
11
52
2
47
20
8
2
14
6
38
98
98
14
4
98
98
98
98
4
5
14
57
18
7
98
17
87
2
2
5
98
98
98
9
50
66
53
16
27
3
6
32
74
18
6
98
98
98
2
6
20
6
32
89
94
98
98
2
10
9
5
12
18
22
31
31
24
42
98
41
10
19
13
10
98
15
98
54
51
5
67
18
22
15
4
30
17
8
30
7
9
87
7
98
59
98
9
37
25
98
42
98
29
15
8
34
98
75
13
67
68
98
98
10
7
4
5
63
17
14
98
98
30
98
3
46
52
98
45
3
5
33
3
26
98
3
98
98
3
2
13
2
10
98
98
7
12
62
12
2
98
23
98
22
21
88
19
30
10
17
11
98
44
32
12
16
46
4
15
37
18
13
10
30
54
6
4
28
17
19
20
53
29
10
32
5
17
8
98
26
4
6
16
98
20
85
98
86
9
41
4
9
17
2
17
12
24
25
28
24
5
69
98
66
5
14
16
98
15
98
19
33
98
15
5
34
39
4
15
4
36
3
43
1
39
11
54
51
98
77
13
12
98
52
98
6
98
17
66
93
29
7
53
13
9
98
10
98
23
98
9
6
90
8
4
2
20
4
4
75
7
15
98
22
76
3
9
12
25
69
54
5
13
98
9
5
28
46
79
17
2
11
38
2
12
98
6
11
30
98
98
95
23
4
72
29
98
3
56
19
11
90
20
98
4
6
11
30
62
63
2
98
3
15
21
19
33
5
15
8
6
98
3
98
24
13
31
26
83
20
56
11
37
11
8
14
98
22
8
12
98
19
30
33
12
31
12
98
16
28
6
6
98
69
98
25
98
7
14
98
6
21
6
21
28
98
17
62
16
98
42
32
43
17
34
4
84
6
98
2
14
23
28
29
98
6
15
19
23
6
25
1
98
19
14
18
98
25
14
8
12
54
97
6
5
95
10
36
98
39
1
59
21
8
2
8
23
34
8
27
46
42
25
31
11
2
13
26
1
17
74
4
7
98
4
2
18
27
40
10
98
13
5
4
35
7
25
98
9
16
85
27
45
98
54
12
6
3
6
18
98
12
9
54
11
41
98
16
3
14
28
98
2
22
98
9
25
5
36
11
12
47
2
13
2
14
71
88
30
32
4
6
14
98
4
22
98
47
21
48
5
43
81
3
98
14
2
25
40
8
24
11
10
9
39
21
9
2
98
6
98
16
10
23
87
6
24
29
98
2
16
4
13
16
74
47
3
87
3
3
0
52
2
16
98
98
4
34
10
20
34
41
19
25
0
4
18
21
9
52
11
96
32
2
20
21
6
9
2
23
11
5
98
35
96
2
39
59
5
19
20
98
11
35
12
74
98
38
6
4
32
14
67
49
22
84
9
7
2
1
98
98
98
16
14
2
15
23
98
2
16
23
27
9
98
14
3
6
59
48
98
25
14
98
98
53
63
59
98
5
19
18
