2.8
2.8
11.2
9.8
2.8
21.0
39.2
16.8
9.8
2.8
5.6
140.0
19.6
140.0
9.8
16.8
5.6
44.8
1.4
120.4
60.2
12.6
8.4
56.0
140.0
12.6
140.0
29.4
18.2
15.4
12.6
5.6
21.0
23.8
117.6
140.0
77.0
2.8
1.4
11.2
2.8
8.4
37.8
11.2
14.0
21.0
5.6
107.8
12.6
140.0
15.4
7.0
12.6
32.2
9.8
36.4
18.2
28.0
2.8
8.4
12.6
2.8
140.0
7.0
7.0
2.8
8.4
2.8
4.2
7.0
140.0
4.2
49.0
46.2
12.6
15.4
140.0
5.6
15.4
53.2
140.0
26.6
33.6
140.0
140.0
15.4
11.2
7.0
22.4
7.0
4.2
84.0
15.4
103.6
1.4
51.8
9.8
140.0
88.2
140.0
25.2
15.4
9.8
14.0
15.4
44.8
77.0
15.4
1.4
86.8
140.0
4.2
35.0
11.2
8.4
140.0
140.0
1.4
140.0
21.0
5.6
19.6
2.8
1.4
5.6
42.0
8.4
140.0
140.0
44.8
12.6
7.0
116.2
43.4
140.0
42.0
7.0
140.0
11.2
99.4
140.0
14.0
19.6
11.2
54.6
33.6
113.4
40.6
12.6
5.6
140.0
140.0
8.4
12.6
11.2
22.4
19.6
23.8
8.4
61.6
19.6
25.2
12.6
12.6
4.2
75.6
21.0
8.4
7.0
53.2
19.6
14.0
61.6
51.8
140.0
63.0
74.2
140.0
16.8
5.6
21.0
5.6
16.8
26.6
85.4
19.6
26.6
9.8
140.0
15.4
35.0
140.0
11.2
140.0
11.2
8.4
4.2
18.2
140.0
71.4
51.8
29.4
2.8
5.6
12.6
12.6
9.8
11.2
2.8
9.8
36.4
8.4
12.6
56.0
9.8
140.0
25.2
16.8
15.4
21.0
7.0
4.2
140.0
140.0
95.2
19.6
29.4
9.8
14.0
84.0
84.0
140.0
12.6
32.2
30.8
64.4
15.4
33.6
30.8
140.0
28.0
5.6
71.4
2.8
39.2
21.0
14.0
8.4
140.0
7.0
21.0
75.6
18.2
4.2
140.0
114.8
4.2
75.6
140.0
15.4
44.8
42.0
67.2
5.6
14.0
81.2
140.0
5.6
140.0
140.0
116.2
78.4
140.0
8.4
51.8
49.0
23.8
140.0
12.6
19.6
19.6
9.8
22.4
37.8
12.6
51.8
7.0
121.8
18.2
140.0
50.4
7.0
4.2
140.0
75.6
57.4
21.0
28.0
81.2
68.6
22.4
140.0
15.4
16.8
21.0
9.8
28.0
5.6
140.0
56.0
8.4
5.6
19.6
14.0
32.2
14.0
140.0
140.0
92.4
140.0
56.0
7.0
39.2
9.8
140.0
9.8
21.0
36.4
9.8
140.0
58.8
2.8
22.4
15.4
5.6
140.0
28.0
18.2
25.2
12.6
114.8
26.6
8.4
2.8
140.0
140.0
21.0
140.0
8.4
7.0
16.8
107.8
110.6
5.6
140.0
14.0
40.6
14.0
8.4
9.8
1.4
36.4
140.0
39.2
21.0
140.0
4.2
2.8
140.0
30.8
12.6
99.4
117.6
102.2
67.2
8.4
2.8
19.6
63.0
5.6
29.4
64.4
140.0
22.4
11.2
30.8
30.8
40.6
11.2
25.2
103.6
140.0
140.0
140.0
40.6
140.0
16.8
7.0
140.0
140.0
16.8
8.4
30.8
11.2
8.4
8.4
140.0
11.2
19.6
140.0
53.2
61.6
21.0
140.0
5.6
140.0
7.0
7.0
4.2
12.6
140.0
65.8
7.0
22.4
113.4
15.4
140.0
14.0
15.4
29.4
47.6
5.6
140.0
2.8
37.8
140.0
11.2
140.0
4.2
140.0
30.8
78.4
140.0
75.6
140.0
140.0
140.0
7.0
29.4
12.6
9.8
16.8
140.0
140.0
67.2
14.0
5.6
32.2
8.4
26.6
11.2
49.0
18.2
86.8
12.6
8.4
14.0
92.4
36.4
140.0
44.8
4.2
11.2
63.0
23.8
12.6
40.6
19.6
25.2
49.0
33.6
29.4
9.8
18.2
2.8
1.4
1.4
14.0
26.6
102.2
33.6
64.4
19.6
16.8
7.0
2.8
7.0
140.0
46.2
74.2
19.6
9.8
14.0
140.0
32.2
114.8
84.0
15.4
8.4
2.8
12.6
9.8
8.4
22.4
4.2
140.0
140.0
28.0
30.8
14.0
4.2
89.6
5.6
1.4
30.8
51.8
14.0
37.8
140.0
8.4
19.6
9.8
140.0
140.0
8.4
1.4
140.0
140.0
9.8
1.4
1.4
140.0
12.6
9.8
12.6
89.6
72.8
71.4
19.6
140.0
14.0
140.0
9.8
116.2
29.4
140.0
12.6
140.0
19.6
18.2
105.0
8.4
140.0
4.2
140.0
92.4
140.0
7.0
9.8
19.6
140.0
14.0
7.0
67.2
140.0
8.4
4.2
140.0
5.6
22.4
5.6
53.2
140.0
44.8
5.6
140.0
25.2
140.0
26.6
7.0
4.2
18.2
140.0
140.0
140.0
1.4
9.8
9.8
140.0
11.2
11.2
2.8
74.2
140.0
11.2
44.8
140.0
19.6
16.8
15.4
2.8
12.6
16.8
1.4
2.8
16.8
5.6
49.0
7.0
25.2
2.8
25.2
11.2
1.4
1.4
140.0
8.4
35.0
140.0
14.0
5.6
23.8
5.6
46.2
85.4
140.0
140.0
58.8
1.4
85.4
15.4
81.2
140.0
140.0
22.4
133.0
4.2
140.0
7.0
67.2
140.0
25.2
40.6
2.8
9.8
16.8
9.8
50.4
140.0
2.8
47.6
35.0
18.2
5.6
7.0
40.6
5.6
140.0
1.4
140.0
4.2
43.4
46.2
26.6
107.8
7.0
19.6
51.8
2.8
109.2
23.8
5.6
140.0
7.0
123.2
29.4
39.2
50.4
81.2
140.0
26.6
16.8
1.4
7.0
140.0
9.8
93.8
7.0
15.4
8.4
15.4
29.4
61.6
18.2
28.0
4.2
124.6
14.0
9.8
26.6
16.8
28.0
140.0
22.4
140.0
40.6
11.2
12.6
5.6
140.0
7.0
91.0
127.4
140.0
35.0
18.2
123.2
117.6
85.4
63.0
16.8
2.8
49.0
2.8
63.0
7.0
8.4
4.2
4.2
140.0
140.0
44.8
21.0
4.2
4.2
140.0
77.0
5.6
64.4
96.6
93.8
15.4
2.8
140.0
140.0
15.4
140.0
33.6
18.2
140.0
12.6
140.0
11.2
33.6
64.4
82.6
140.0
140.0
8.4
14.0
86.8
28.0
140.0
140.0
140.0
4.2
49.0
126.0
2.8
23.8
18.2
54.6
8.4
140.0
140.0
5.6
16.8
140.0
140.0
14.0
51.8
12.6
21.0
140.0
49.0
22.4
19.6
7.0
65.8
16.8
5.6
140.0
7.0
68.6
30.8
16.8
18.2
19.6
5.6
15.4
19.6
140.0
5.6
8.4
140.0
140.0
36.4
140.0
29.4
119.0
98.0
140.0
64.4
46.2
39.2
4.2
12.6
44.8
33.6
14.0
140.0
140.0
4.2
140.0
140.0
140.0
64.4
140.0
54.6
12.6
7.0
16.8
140.0
140.0
140.0
7.0
57.4
99.4
140.0
46.2
140.0
140.0
9.8
140.0
9.8
32.2
140.0
53.2
37.8
140.0
140.0
12.6
53.2
16.8
11.2
44.8
5.6
109.2
99.4
8.4
5.6
140.0
44.8
26.6
16.8
4.2
140.0
51.8
43.4
8.4
140.0
51.8
19.6
25.2
26.6
71.4
86.8
5.6
12.6
140.0
61.6
60.2
140.0
140.0
5.6
5.6
44.8
35.0
140.0
5.6
50.4
8.4
44.8
119.0
30.8
25.2
15.4
60.2
23.8
140.0
7.0
11.2
67.2
140.0
140.0
81.2
46.2
50.4
9.8
140.0
1.4
19.6
37.8
30.8
42.0
4.2
4.2
12.6
140.0
89.6
1.4
50.4
18.2
23.8
7.0
28.0
22.4
5.6
140.0
32.2
19.6
14.0
4.2
5.6
140.0
14.0
44.8
12.6
140.0
33.6
57.4
77.0
140.0
130.2
15.4
140.0
140.0
140.0
7.0
8.4
140.0
30.8
1.4
140.0
26.6
53.2
140.0
140.0
140.0
7.0
91.0
140.0
8.4
140.0
49.0
12.6
65.8
140.0
2.8
14.0
29.4
46.2
15.4
56.0
12.6
49.0
7.0
81.2
18.2
9.8
72.8
140.0
140.0
21.0
140.0
140.0
26.6
140.0
36.4
140.0
15.4
140.0
40.6
12.6
35.0
140.0
15.4
25.2
16.8
5.6
19.6
61.6
50.4
51.8
78.4
53.2
61.6
54.6
140.0
36.4
140.0
15.4
23.8
8.4
65.8
12.6
81.2
12.6
110.6
4.2
140.0
25.2
88.2
120.4
109.2
9.8
140.0
7.0
140.0
4.2
16.8
11.2
28.0
4.2
12.6
140.0
36.4
36.4
12.6
23.8
140.0
8.4
5.6
35.0
11.2
8.4
39.2
5.6
5.6
7.0
84.0
19.6
140.0
33.6
14.0
30.8
8.4
29.4
140.0
140.0
54.6
140.0
26.6
9.8
140.0
140.0
64.4
4.2
29.4
21.0
23.8
7.0
140.0
140.0
140.0
5.6
5.6
140.0
4.2
8.4
16.8
15.4
140.0
140.0
35.0
140.0
22.4
57.4
9.8
61.6
140.0
16.8
9.8
79.8
116.2
140.0
7.0
46.2
140.0
86.8
140.0
140.0
19.6
12.6
140.0
140.0
140.0
9.8
140.0
4.2
19.6
35.0
140.0
140.0
28.0
140.0
9.8
11.2
14.0
67.2
93.8
56.0
4.2
11.2
140.0
140.0
2.8
7.0
15.4
140.0
140.0
140.0
140.0
140.0
63.0
140.0
5.6
140.0
7.0
140.0
77.0
53.2
26.6
16.8
140.0
140.0
140.0
140.0
8.4
36.4
18.2
4.2
140.0
140.0
54.6
140.0
28.0
4.2
4.2
32.2
9.8
4.2
1.4
133.0
4.2
8.4
8.4
140.0
19.6
32.2
9.8
75.6
23.8
21.0
5.6
2.8
140.0
37.8
57.4
2.8
16.8
7.0
2.8
49.0
9.8
105.0
12.6
1.4
14.0
18.2
35.0
14.0
32.2
18.2
46.2
140.0
8.4
44.8
14.0
4.2
5.6
99.4
116.2
11.2
28.0
5.6
4.2
8.4
9.8
1.4
60.2
9.8
12.6
16.8
28.0
14.0
140.0
11.2
8.4
25.2
15.4
9.8
16.8
1.4
112.0
7.0
11.2
4.2
2.8
29.4
1.4
14.0
8.4
21.0
5.6
64.4
2.8
12.6
140.0
65.8
2.8
9.8
2.8
29.4
140.0
16.8
14.0
7.0
5.6
2.8
15.4
7.0
2.8
140.0
16.8
9.8
23.8
22.4
1.4
4.2
57.4
14.0
8.4
12.6
4.2
140.0
1.4
1.4
1.4
1.4
5.6
16.8
51.8
140.0
96.6
2.8
140.0
15.4
12.6
8.4
43.4
8.4
89.6
4.2
15.4
8.4
1.4
22.4
9.8
1.4
140.0
2.8
30.8
42.0
5.6
21.0
1.4
64.4
15.4
82.6
9.8
32.2
8.4
1.4
1.4
37.8
36.4
18.2
19.6
88.2
30.8
2.8
1.4
93.8
12.6
96.6
5.6
7.0
140.0
140.0
117.6
140.0
102.2
4.2
49.0
140.0
5.6
23.8
46.2
23.8
29.4
140.0
16.8
2.8
9.8
61.6
4.2
11.2
140.0
8.4
4.2
5.6
110.6
140.0
9.8
1.4
7.0
2.8
26.6
28.0
140.0
140.0
46.2
25.2
140.0
5.6
140.0
28.0
4.2
140.0
130.2
2.8
18.2
37.8
47.6
2.8
23.8
2.8
2.8
28.0
123.2
35.0
4.2
64.4
16.8
37.8
7.0
14.0
42.0
12.6
11.2
4.2
2.8
4.2
4.2
140.0
107.8
5.6
12.6
28.0
46.2
35.0
14.0
9.8
7.0
14.0
140.0
140.0
8.4
12.6
50.4
1.4
67.2
9.8
65.8
21.0
26.6
26.6
140.0
32.2
2.8
140.0
4.2
16.8
140.0
8.4
140.0
67.2
140.0
16.8
32.2
1.4
14.0
7.0
133.0
36.4
140.0
36.4
19.6
5.6
4.2
18.2
140.0
33.6
21.0
30.8
140.0
4.2
18.2
11.2
49.0
4.2
75.6
7.0
61.6
140.0
18.2
19.6
140.0
140.0
58.8
2.8
105.0
5.6
9.8
42.0
5.6
140.0
140.0
35.0
11.2
15.4
140.0
7.0
140.0
7.0
1.4
39.2
29.4
140.0
5.6
133.0
23.8
7.0
33.6
140.0
9.8
16.8
140.0
36.4
8.4
23.8
19.6
42.0
2.8
37.8
7.0
5.6
140.0
140.0
5.6
7.0
140.0
140.0
12.6
43.4
140.0
16.8
14.0
140.0
1.4
72.8
67.2
7.0
86.8
18.2
2.8
7.0
29.4
1.4
12.6
16.8
140.0
12.6
140.0
