4.9
7.7
6.3
31.5
3.5
13.3
9.1
11.9
25.9
21.7
10.5
0.7
9.1
14.7
7.7
3.5
18.9
4.9
21.7
18.9
16.1
6.3
0.7
11.9
4.9
2.1
16.1
20.3
6.3
6.3
4.9
31.5
13.3
0.7
25.9
13.3
3.5
25.9
6.3
6.3
123.9
9.1
11.9
13.3
102.9
13.3
3.5
9.1
3.5
28.7
6.3
24.5
10.5
27.3
140.0
10.5
9.1
6.3
7.7
25.9
56.7
6.3
4.9
25.9
14.7
3.5
4.9
17.5
2.1
0.7
10.5
10.5
34.3
45.5
14.7
6.3
6.3
3.5
10.5
9.1
6.3
4.9
17.5
97.3
10.5
10.5
6.3
11.9
13.3
76.3
2.1
17.5
3.5
17.5
17.5
13.3
3.5
7.7
7.7
7.7
2.1
9.1
11.9
2.1
14.7
17.5
65.1
27.3
4.9
10.5
94.5
72.1
9.1
18.9
2.1
13.3
16.1
7.7
6.3
14.7
6.3
0.7
6.3
10.5
35.7
10.5
14.7
3.5
0.7
9.1
14.7
6.3
21.7
27.3
3.5
2.1
37.1
4.9
3.5
0.7
35.7
0.7
10.5
11.9
18.9
16.1
6.3
9.1
30.1
13.3
2.1
3.5
3.5
14.7
23.1
7.7
21.7
14.7
7.7
3.5
10.5
11.9
7.7
2.1
17.5
6.3
18.9
0.7
7.7
11.9
14.7
2.1
3.5
3.5
3.5
6.3
10.5
16.1
16.1
11.9
2.1
13.3
7.7
9.1
42.7
16.1
13.3
6.3
7.7
17.5
41.3
2.1
9.1
16.1
17.5
35.7
27.3
4.9
6.3
6.3
32.9
46.9
14.7
6.3
23.1
3.5
14.7
11.9
10.5
23.1
9.1
14.7
38.5
10.5
2.1
18.9
39.9
20.3
10.5
109.9
9.1
2.1
16.1
16.1
7.7
9.1
17.5
9.1
6.3
2.1
6.3
31.5
21.7
140.0
17.5
2.1
3.5
0.7
2.1
10.5
3.5
13.3
16.1
21.7
9.1
14.7
7.7
3.5
30.1
9.1
6.3
17.5
4.9
16.1
7.7
6.3
6.3
4.9
3.5
11.9
2.1
9.1
9.1
21.7
21.7
9.1
14.7
11.9
6.3
3.5
3.5
2.1
11.9
6.3
31.5
2.1
14.7
39.9
0.7
0.7
35.7
31.5
13.3
13.3
7.7
17.5
14.7
83.3
6.3
11.9
37.1
25.9
11.9
9.1
14.7
9.1
16.1
16.1
11.9
7.7
11.9
7.7
67.9
2.1
3.5
14.7
4.9
140.0
21.7
16.1
28.7
140.0
7.7
10.5
87.5
14.7
27.3
10.5
18.9
18.9
107.1
34.3
0.7
28.7
140.0
2.1
11.9
23.1
4.9
6.3
7.7
66.5
23.1
7.7
4.9
56.7
6.3
9.1
9.1
119.7
14.7
140.0
6.3
4.9
2.1
37.1
16.1
72.1
87.5
14.7
14.7
13.3
94.5
16.1
14.7
2.1
140.0
6.3
4.9
25.9
28.7
7.7
73.5
9.1
4.9
2.1
13.3
34.3
70.7
7.7
39.9
17.5
11.9
90.3
25.9
27.3
48.3
10.5
27.3
4.9
32.9
25.9
31.5
9.1
20.3
11.9
27.3
48.3
11.9
13.3
6.3
9.1
140.0
7.7
13.3
13.3
16.1
31.5
21.7
140.0
48.3
35.7
3.5
10.5
9.1
7.7
21.7
39.9
7.7
24.5
48.3
3.5
18.9
7.7
11.9
6.3
20.3
6.3
6.3
18.9
6.3
14.7
16.1
21.7
11.9
9.1
6.3
45.5
23.1
13.3
11.9
9.1
14.7
66.5
3.5
11.9
6.3
25.9
30.1
69.3
9.1
2.1
13.3
31.5
7.7
11.9
2.1
3.5
6.3
2.1
6.3
53.9
60.9
10.5
140.0
25.9
51.1
14.7
18.9
11.9
13.3
2.1
7.7
140.0
4.9
4.9
7.7
21.7
4.9
51.1
24.5
11.9
6.3
16.1
20.3
27.3
6.3
3.5
14.7
17.5
11.9
9.1
140.0
3.5
13.3
7.7
17.5
6.3
14.7
13.3
14.7
13.3
14.7
16.1
10.5
28.7
9.1
21.7
30.1
13.3
24.5
9.1
34.3
6.3
14.7
20.3
7.7
7.7
17.5
7.7
21.7
25.9
20.3
10.5
10.5
9.1
11.9
11.9
18.9
18.9
11.9
10.5
6.3
7.7
9.1
11.9
20.3
6.3
28.7
14.7
13.3
41.3
7.7
21.7
28.7
7.7
17.5
28.7
77.7
4.9
17.5
3.5
4.9
7.7
10.5
6.3
6.3
37.1
7.7
10.5
11.9
14.7
7.7
21.7
102.9
30.1
13.3
27.3
14.7
20.3
10.5
46.9
20.3
39.9
7.7
10.5
140.0
2.1
4.9
14.7
4.9
52.5
13.3
16.1
23.1
18.9
16.1
9.1
9.1
38.5
6.3
27.3
10.5
16.1
7.7
11.9
49.7
6.3
24.5
10.5
17.5
37.1
58.1
11.9
10.5
2.1
6.3
16.1
44.1
32.9
39.9
21.7
3.5
4.9
4.9
7.7
74.9
84.7
11.9
90.3
18.9
49.7
11.9
6.3
2.1
0.7
9.1
52.5
27.3
38.5
14.7
4.9
10.5
6.3
14.7
2.1
7.7
10.5
121.1
25.9
21.7
9.1
10.5
11.9
20.3
4.9
77.7
140.0
3.5
32.9
52.5
14.7
9.1
7.7
140.0
51.1
23.1
32.9
7.7
3.5
24.5
9.1
6.3
7.7
44.1
20.3
42.7
24.5
21.7
62.3
2.1
28.7
34.3
6.3
10.5
13.3
21.7
69.3
20.3
2.1
140.0
59.5
17.5
31.5
20.3
28.7
6.3
6.3
91.7
7.7
13.3
46.9
21.7
21.7
32.9
16.1
2.1
102.9
6.3
17.5
108.5
16.1
140.0
67.9
140.0
6.3
25.9
4.9
14.7
13.3
140.0
11.9
6.3
17.5
0.7
10.5
140.0
9.1
58.1
140.0
7.7
21.7
16.1
23.1
46.9
16.1
16.1
7.7
11.9
3.5
23.1
28.7
6.3
14.7
0.7
31.5
17.5
140.0
11.9
27.3
73.5
3.5
10.5
6.3
13.3
13.3
88.9
18.9
2.1
14.7
7.7
58.1
7.7
77.7
18.9
3.5
7.7
7.7
16.1
20.3
2.1
2.1
31.5
3.5
20.3
6.3
3.5
14.7
2.1
27.3
31.5
140.0
18.9
16.1
20.3
10.5
2.1
14.7
17.5
46.9
4.9
7.7
16.1
6.3
140.0
3.5
10.5
3.5
9.1
11.9
2.1
20.3
6.3
11.9
6.3
63.7
10.5
7.7
4.9
23.1
16.1
23.1
3.5
16.1
13.3
52.5
7.7
14.7
30.1
38.5
44.1
48.3
58.1
10.5
10.5
18.9
11.9
6.3
46.9
48.3
67.9
9.1
11.9
31.5
7.7
21.7
17.5
10.5
18.9
74.9
2.1
11.9
6.3
14.7
7.7
11.9
30.1
6.3
32.9
11.9
9.1
20.3
13.3
140.0
10.5
10.5
10.5
4.9
111.3
34.3
20.3
35.7
13.3
16.1
11.9
38.5
14.7
6.3
23.1
63.7
140.0
3.5
4.9
21.7
10.5
17.5
140.0
31.5
17.5
27.3
11.9
4.9
9.1
65.1
4.9
37.1
27.3
20.3
17.5
7.7
2.1
32.9
16.1
10.5
23.1
7.7
4.9
30.1
4.9
27.3
18.9
4.9
63.7
59.5
14.7
121.1
90.3
9.1
11.9
45.5
20.3
140.0
4.9
31.5
35.7
3.5
20.3
20.3
38.5
21.7
2.1
46.9
140.0
7.7
7.7
9.1
2.1
2.1
10.5
18.9
18.9
6.3
9.1
0.7
35.7
11.9
25.9
72.1
7.7
24.5
58.1
20.3
17.5
30.1
16.1
140.0
11.9
24.5
6.3
2.1
10.5
2.1
11.9
7.7
2.1
16.1
14.7
9.1
34.3
16.1
17.5
102.9
7.7
3.5
21.7
17.5
7.7
7.7
3.5
4.9
13.3
18.9
7.7
9.1
17.5
3.5
25.9
11.9
53.9
3.5
14.7
16.1
11.9
31.5
11.9
56.7
10.5
14.7
6.3
2.1
7.7
16.1
3.5
17.5
11.9
9.1
21.7
7.7
140.0
7.7
4.9
24.5
6.3
18.9
17.5
16.1
7.7
20.3
9.1
23.1
2.1
10.5
14.7
17.5
2.1
13.3
28.7
20.3
18.9
3.5
140.0
4.9
52.5
13.3
2.1
10.5
11.9
38.5
42.7
44.1
34.3
9.1
14.7
9.1
3.5
3.5
34.3
140.0
38.5
0.7
10.5
17.5
7.7
140.0
31.5
27.3
140.0
3.5
34.3
46.9
4.9
4.9
6.3
28.7
14.7
70.7
4.9
58.1
7.7
30.1
25.9
23.1
28.7
20.3
34.3
38.5
42.7
13.3
14.7
23.1
140.0
25.9
6.3
41.3
28.7
13.3
25.9
2.1
140.0
16.1
140.0
140.0
10.5
20.3
52.5
73.5
18.9
17.5
9.1
6.3
14.7
102.9
74.9
81.9
31.5
30.1
14.7
31.5
16.1
2.1
140.0
7.7
3.85
9.45
12.25
15.05
6.65
1.05
8.05
16.45
2.45
1.05
50.05
2.45
1.05
8.05
34.65
59.85
10.85
12.25
9.45
48.65
3.85
6.65
5.25
80.85
1.05
5.25
16.45
66.85
3.85
8.05
23.45
20.65
15.05
17.85
140.0
80.85
8.05
86.45
12.25
17.85
36.05
22.05
30.45
15.05
31.85
79.45
12.25
8.05
24.85
2.45
80.85
44.45
17.85
99.05
5.25
140.0
10.85
5.25
12.25
114.45
17.85
36.05
3.85
13.65
1.05
16.45
8.05
9.45
6.65
55.65
62.65
40.25
1.05
107.45
17.85
3.85
23.45
29.05
3.85
58.45
43.05
8.05
5.25
33.25
37.45
6.65
5.25
65.45
10.85
51.45
140.0
2.45
27.65
27.65
10.85
9.45
33.25
15.05
75.25
17.85
51.45
50.05
1.05
48.65
12.25
10.85
68.25
92.05
22.05
2.45
23.45
37.45
61.25
19.25
27.65
1.05
61.25
8.05
3.85
20.65
17.85
27.65
17.85
17.85
9.45
27.65
1.05
17.85
17.85
43.05
3.85
10.85
8.05
16.45
31.85
8.05
29.05
10.85
2.45
27.65
43.05
2.45
12.25
6.65
8.05
5.25
15.05
34.65
2.45
5.25
5.25
8.05
1.05
10.85
3.85
24.85
5.25
26.25
6.65
5.25
3.85
55.65
6.65
6.65
5.25
45.85
79.45
9.45
23.45
1.05
17.85
20.65
54.25
15.05
1.05
16.45
1.05
140.0
6.65
12.25
1.05
65.45
9.45
1.05
8.05
12.25
13.65
82.25
6.65
9.45
9.45
48.65
65.45
12.25
76.65
118.65
12.25
71.05
10.85
2.45
23.45
9.45
27.65
43.05
140.0
3.85
3.85
13.65
15.05
8.05
48.65
33.25
