65.8
30.8
12.6
21.0
2.8
25.2
18.2
7.0
16.8
14.0
18.2
1.4
19.6
14.0
8.4
1.4
18.2
8.4
22.4
78.4
14.0
7.0
1.4
140.0
11.2
2.8
28.0
19.6
7.0
4.2
121.8
11.2
106.4
22.4
140.0
14.0
4.2
9.8
11.2
33.6
124.6
8.4
8.4
23.8
140.0
12.6
67.2
9.8
4.2
9.8
9.8
23.8
15.4
12.6
40.6
14.0
11.2
1.4
11.2
18.2
18.2
9.8
4.2
46.2
32.2
19.6
4.2
25.2
1.4
1.4
57.4
60.2
21.0
43.4
18.2
96.6
11.2
18.2
28.0
11.2
32.2
16.8
18.2
30.8
15.4
9.8
26.6
14.0
8.4
65.8
12.6
18.2
5.6
12.6
16.8
33.6
9.8
11.2
8.4
8.4
1.4
16.8
33.6
2.8
14.0
19.6
11.2
140.0
4.2
9.8
18.2
81.2
9.8
5.6
15.4
11.2
11.2
22.4
36.4
14.0
44.8
1.4
18.2
9.8
64.4
5.6
14.0
72.8
1.4
77.0
14.0
5.6
22.4
28.0
8.4
2.8
21.0
5.6
9.8
1.4
21.0
12.6
11.2
5.6
110.6
7.0
5.6
25.2
39.2
44.8
1.4
2.8
9.8
12.6
21.0
43.4
33.6
11.2
5.6
19.6
37.8
12.6
8.4
2.8
23.8
5.6
4.2
1.4
8.4
25.2
28.0
18.2
25.2
4.2
5.6
5.6
11.2
30.8
36.4
89.6
15.4
14.0
14.0
12.6
42.0
35.0
12.6
7.0
14.0
9.8
9.8
1.4
15.4
15.4
12.6
16.8
21.0
4.2
5.6
25.2
11.2
30.8
14.0
9.8
12.6
4.2
32.2
14.0
14.0
12.6
9.8
22.4
15.4
19.6
4.2
25.2
32.2
8.4
140.0
5.6
8.4
39.2
4.2
15.4
37.8
5.6
140.0
42.0
5.6
2.8
7.0
32.2
9.8
28.0
16.8
4.2
5.6
1.4
2.8
19.6
2.8
49.0
12.6
11.2
51.8
18.2
8.4
2.8
22.4
8.4
11.2
11.2
14.0
140.0
60.2
7.0
32.2
5.6
15.4
9.8
2.8
8.4
4.2
23.8
22.4
9.8
14.0
25.2
8.4
4.2
2.8
1.4
32.2
7.0
32.2
1.4
12.6
23.8
1.4
1.4
35.0
19.6
7.0
19.6
2.8
14.0
33.6
26.6
7.0
12.6
37.8
8.4
14.0
22.4
14.0
12.6
33.6
26.6
21.0
8.4
12.6
8.4
7.0
8.4
2.8
14.0
4.2
43.4
140.0
32.2
28.0
91.0
12.6
12.6
51.8
7.0
49.0
25.2
12.6
1.4
18.2
22.4
1.4
9.8
140.0
1.4
36.4
5.6
11.2
5.6
21.0
5.6
33.6
29.4
5.6
63.0
74.2
63.0
61.6
12.6
18.2
9.8
9.8
9.8
8.4
47.6
12.6
37.8
25.2
15.4
11.2
22.4
36.4
18.2
11.2
4.2
12.6
7.0
4.2
22.4
106.4
8.4
37.8
7.0
4.2
1.4
5.6
30.8
5.6
12.6
18.2
37.8
120.4
63.0
5.6
42.0
14.0
11.2
11.2
11.2
30.8
21.0
25.2
19.6
19.6
16.8
9.8
16.8
11.2
28.0
9.8
8.4
74.2
23.8
12.6
18.2
8.4
32.2
26.6
23.8
14.0
22.4
2.8
16.8
8.4
15.4
18.2
15.4
12.6
7.0
25.2
2.8
9.8
7.0
8.4
28.0
2.8
11.2
23.8
30.8
8.4
19.6
15.4
32.2
18.2
4.2
14.0
12.6
18.2
12.6
14.0
7.0
16.8
96.6
2.8
19.6
47.6
4.2
19.6
36.4
18.2
30.8
14.0
46.2
12.6
18.2
4.2
2.8
22.4
1.4
7.0
35.0
19.6
7.0
126.0
8.4
14.0
89.6
15.4
14.0
14.0
9.8
8.4
26.6
4.2
26.6
8.4
36.4
9.8
21.0
8.4
22.4
19.6
14.0
18.2
18.2
5.6
4.2
7.0
11.2
11.2
16.8
36.4
140.0
14.0
7.0
18.2
28.0
7.0
12.6
11.2
12.6
11.2
5.6
14.0
16.8
8.4
15.4
112.0
47.6
25.2
14.0
7.0
16.8
12.6
29.4
8.4
5.6
18.2
8.4
14.0
46.2
22.4
14.0
12.6
18.2
42.0
14.0
26.6
19.6
11.2
26.6
4.2
26.6
9.8
11.2
21.0
5.6
2.8
21.0
21.0
44.8
22.4
11.2
9.8
14.0
40.6
33.6
14.0
1.4
33.6
4.2
4.2
15.4
15.4
14.0
29.4
19.6
50.4
57.4
9.8
14.0
7.0
28.0
67.2
16.8
25.2
26.6
14.0
19.6
16.8
28.0
8.4
9.8
2.8
11.2
22.4
5.6
42.0
12.6
8.4
8.4
14.0
21.0
30.8
25.2
16.8
8.4
5.6
140.0
4.2
46.2
64.4
28.0
14.0
23.8
140.0
8.4
30.8
22.4
7.0
22.4
32.2
77.0
16.8
1.4
4.2
39.2
23.8
77.0
37.8
68.6
2.8
12.6
42.0
19.6
50.4
22.4
15.4
21.0
30.8
30.8
11.2
12.6
2.8
1.4
25.2
51.8
19.6
42.0
26.6
4.2
8.4
9.8
30.8
28.0
7.0
12.6
7.0
16.8
12.6
5.6
9.8
12.6
12.6
4.2
15.4
61.6
46.2
28.0
14.0
37.8
42.0
28.0
44.8
35.0
11.2
29.4
28.0
4.2
140.0
11.2
5.6
23.8
16.8
14.0
23.8
28.0
5.6
65.8
1.4
29.4
30.8
7.0
9.8
23.8
21.0
39.2
9.8
7.0
28.0
28.0
9.8
23.8
21.0
9.8
42.0
7.0
18.2
7.0
11.2
29.4
21.0
26.6
15.4
140.0
2.8
46.2
9.8
29.4
140.0
39.2
42.0
67.2
65.8
4.2
14.0
14.0
8.4
57.4
12.6
11.2
5.6
16.8
1.4
28.0
19.6
44.8
35.0
64.4
12.6
35.0
23.8
32.2
93.8
67.2
14.0
37.8
12.6
8.4
23.8
12.6
21.0
22.4
1.4
12.6
18.2
124.6
5.6
14.0
39.2
9.8
7.0
14.0
30.8
9.8
29.4
5.6
1.4
11.2
8.4
8.4
7.0
47.6
21.0
18.2
8.4
11.2
8.4
16.8
14.0
30.8
22.4
140.0
4.2
12.6
2.8
56.0
1.4
16.8
23.8
16.8
7.0
37.8
18.2
56.0
2.8
23.8
18.2
61.6
95.2
7.0
140.0
5.6
39.2
4.2
11.2
2.8
42.0
15.4
5.6
19.6
11.2
25.2
18.2
26.6
28.0
56.0
35.0
30.8
19.6
12.6
8.4
16.8
16.8
2.8
28.0
11.2
12.6
26.6
50.4
117.6
16.8
22.4
32.2
33.6
11.2
5.6
37.8
43.4
8.4
36.4
39.2
58.8
15.4
11.2
140.0
9.8
21.0
30.8
1.4
8.4
22.4
67.2
9.8
23.8
39.2
7.0
5.6
14.0
11.2
53.2
19.6
44.8
22.4
9.8
36.4
7.0
78.4
35.0
4.2
37.8
5.6
33.6
29.4
12.6
14.0
29.4
18.2
28.0
140.0
60.2
19.6
12.6
19.6
18.2
14.0
21.0
32.2
28.0
11.2
15.4
16.8
43.4
9.8
37.8
21.0
9.8
9.8
11.2
2.8
40.6
140.0
11.2
18.2
7.0
14.0
36.4
5.6
11.2
23.8
16.8
82.6
21.0
25.2
40.6
11.2
8.4
53.2
16.8
12.6
28.0
19.6
19.6
43.4
5.6
25.2
8.4
8.4
18.2
1.4
18.2
1.4
15.4
14.0
12.6
2.8
2.8
35.0
12.6
43.4
7.0
8.4
1.4
7.0
21.0
9.8
22.4
8.4
19.6
57.4
68.6
18.2
28.0
22.4
49.0
7.0
16.8
5.6
1.4
23.8
2.8
4.2
11.2
2.8
14.0
16.8
11.2
33.6
33.6
14.0
11.2
14.0
12.6
21.0
26.6
9.8
67.2
2.8
9.8
9.8
8.4
25.2
21.0
7.0
11.2
19.6
19.6
140.0
2.8
22.4
18.2
16.8
37.8
19.6
44.8
140.0
12.6
30.8
2.8
11.2
40.6
2.8
23.8
18.2
8.4
30.8
8.4
42.0
12.6
5.6
15.4
8.4
140.0
18.2
140.0
4.2
7.0
110.6
14.0
1.4
9.8
22.4
44.8
2.8
18.2
15.4
9.8
11.2
4.2
140.0
25.2
70.0
11.2
1.4
11.2
96.6
21.0
18.2
5.6
28.0
8.4
25.2
42.0
4.2
35.0
28.0
124.6
18.2
1.4
33.6
11.2
33.6
140.0
26.6
9.8
29.4
7.0
11.2
46.2
12.6
9.8
14.0
42.0
14.0
25.2
7.0
60.2
9.8
56.0
7.0
8.4
33.6
28.0
54.6
9.8
44.8
14.0
30.8
21.0
140.0
16.8
14.0
140.0
9.8
9.8
23.8
2.8
7.0
8.4
21.0
11.2
37.8
21.0
23.8
46.2
12.6
140.0
14.0
14.0
16.8
26.6
53.2
22.4
19.6
30.8
12.6
35.0
12.6
32.2
68.6
15.4
14.35
11.55
43.75
8.75
18.55
1.75
22.75
49.35
49.35
1.75
10.15
25.55
0.35
7.35
8.75
53.55
29.75
47.95
10.15
18.55
4.55
5.95
8.75
10.15
1.75
4.55
14.35
8.75
17.15
22.75
42.35
14.35
36.75
50.75
38.15
38.15
7.35
10.15
24.15
11.55
131.95
18.55
18.55
8.75
18.55
17.15
10.15
10.15
11.55
28.35
14.35
22.75
3.15
8.75
10.15
84.35
7.35
5.95
10.15
15.75
22.75
24.15
3.15
17.15
1.75
18.55
12.95
8.75
28.35
18.55
28.35
28.35
22.75
28.35
11.55
14.35
10.15
7.35
4.55
35.35
31.15
18.55
36.75
11.55
25.55
71.75
19.95
33.95
32.55
78.75
140.0
7.35
11.55
54.95
7.35
38.15
7.35
8.75
35.35
18.55
49.35
31.15
71.75
18.55
8.75
19.95
42.35
12.95
22.75
3.15
19.95
18.55
4.55
21.35
12.95
18.55
24.15
124.95
4.55
29.75
12.95
10.15
66.15
106.75
4.55
28.35
1.75
29.75
7.35
140.0
12.95
11.55
10.15
14.35
39.55
11.55
60.55
8.75
3.15
14.35
28.35
1.75
31.15
11.55
25.55
8.75
14.35
26.95
18.55
18.55
38.15
3.15
0.35
32.55
7.35
15.75
10.15
14.35
21.35
5.95
14.35
12.95
21.35
4.55
5.95
47.95
5.95
78.75
102.55
0.35
18.55
140.0
17.15
15.75
0.35
17.15
1.75
42.35
7.35
0.35
0.35
11.55
47.95
0.35
50.75
80.15
17.15
40.95
21.35
28.35
17.15
7.35
14.35
36.75
31.15
45.15
11.55
10.15
10.15
7.35
22.75
10.15
5.95
26.95
140.0
4.55
3.15
14.35
15.75
15.75
25.55
140.0
