62.3
34.3
10.5
6.3
71.4
50.4
49.0
4.2
140.0
51.8
39.2
8.4
8.4
4.2
18.2
8.4
47.6
5.6
7.0
15.4
4.2
54.6
43.4
29.4
40.6
116.2
42.0
4.2
5.6
93.8
16.8
14.0
21.0
35.0
49.0
140.0
0.7
31.5
140.0
3.5
48.3
6.3
6.3
9.1
31.5
9.1
10.5
6.3
25.9
73.5
49.7
17.5
11.9
3.5
38.5
17.5
0.7
76.3
4.9
17.5
14.7
25.9
140.0
4.9
0.7
72.1
140.0
20.3
0.7
2.1
140.0
16.1
73.5
140.0
3.5
0.7
21.7
69.3
20.3
56.7
18.9
11.9
13.3
24.5
140.0
30.1
56.7
58.1
65.1
34.3
18.9
41.3
11.9
21.7
21.7
0.7
2.1
0.7
3.5
18.9
0.7
3.5
7.7
34.3
69.3
0.7
20.3
98.7
140.0
140.0
11.9
7.7
6.3
6.3
51.1
125.3
14.7
0.7
11.9
140.0
51.1
140.0
6.3
21.7
21.7
3.5
0.7
35.7
41.3
140.0
140.0
140.0
0.7
0.7
2.1
20.3
2.1
49.7
20.3
9.1
16.1
56.7
6.3
4.9
13.3
0.7
14.7
3.5
17.5
24.5
0.7
45.5
2.1
140.0
13.3
62.3
39.9
34.3
18.9
6.3
14.7
14.7
3.5
14.7
87.5
10.5
27.3
140.0
20.3
17.5
20.3
58.1
0.7
0.7
13.3
24.5
34.3
77.7
31.5
3.5
51.1
17.5
62.3
30.1
0.7
24.5
140.0
11.9
4.9
28.7
3.5
13.3
18.9
3.5
140.0
2.1
2.1
58.1
14.7
140.0
13.3
4.9
140.0
90.3
0.7
7.7
13.3
23.1
6.3
58.1
11.9
9.1
4.9
67.9
140.0
31.5
2.1
4.9
28.7
74.9
24.5
140.0
4.9
10.5
4.9
140.0
3.5
28.7
13.3
140.0
25.9
107.1
140.0
140.0
7.7
16.1
2.1
11.9
20.3
58.1
18.9
11.9
116.9
63.7
3.5
0.7
3.5
3.5
140.0
53.9
140.0
100.1
18.9
9.1
14.7
10.5
24.5
18.9
53.9
9.1
30.1
37.1
32.9
3.5
27.3
35.7
76.3
44.1
9.1
17.5
140.0
18.9
62.3
9.1
140.0
31.5
3.5
140.0
0.7
13.3
9.1
3.5
58.1
140.0
37.1
32.9
3.5
9.1
31.5
27.3
23.1
2.1
0.7
13.3
140.0
4.9
98.7
23.1
140.0
3.5
21.7
18.9
21.7
27.3
37.1
30.1
9.1
65.1
140.0
140.0
2.1
70.7
122.5
20.3
6.3
76.3
62.3
42.7
30.1
2.1
38.5
9.1
3.5
94.5
140.0
16.1
0.7
41.3
140.0
17.5
46.9
34.3
32.9
24.5
87.5
59.5
24.5
83.3
7.7
58.1
14.7
140.0
4.9
67.9
48.3
4.9
18.9
140.0
9.1
8.4
8.4
18.2
5.6
18.2
30.8
4.2
21.0
140.0
140.0
140.0
75.6
2.8
60.2
140.0
50.4
32.2
2.8
140.0
7.0
72.8
2.8
57.4
140.0
49.0
23.8
16.8
140.0
140.0
140.0
16.8
140.0
15.4
140.0
21.0
63.0
40.6
121.8
5.6
140.0
140.0
140.0
9.8
30.8
140.0
140.0
23.8
15.4
2.8
26.6
22.4
113.4
100.8
140.0
102.2
140.0
25.2
8.4
140.0
57.4
22.4
140.0
51.8
95.2
86.8
140.0
12.6
119.0
12.6
140.0
21.0
140.0
14.0
113.4
84.0
30.8
22.4
44.8
11.2
82.6
49.0
140.0
116.2
21.0
43.4
96.6
18.2
140.0
21.0
12.6
4.2
4.2
140.0
18.2
140.0
7.0
9.8
22.4
77.0
140.0
14.0
140.0
84.0
58.8
14.0
16.8
19.6
140.0
46.2
140.0
25.2
49.0
28.0
16.8
84.0
19.6
140.0
67.2
140.0
2.8
23.8
29.4
61.6
29.4
5.6
12.6
84.0
1.4
61.6
93.8
140.0
140.0
77.0
25.2
53.2
40.6
22.4
140.0
28.0
127.4
49.0
54.6
126.0
25.2
4.2
72.8
140.0
25.2
32.2
140.0
35.0
79.8
4.2
140.0
18.2
32.2
140.0
140.0
109.2
35.0
140.0
39.2
40.6
18.2
2.8
11.2
12.6
9.8
28.0
103.6
140.0
25.2
49.0
16.8
140.0
67.2
64.4
140.0
11.2
140.0
140.0
82.6
18.2
140.0
37.8
71.4
140.0
14.0
58.8
5.6
60.2
140.0
5.6
1.4
30.8
68.6
140.0
63.0
37.8
33.6
140.0
29.4
63.0
2.8
14.0
12.6
67.2
140.0
5.6
18.2
140.0
65.8
98.0
140.0
140.0
11.2
140.0
5.6
82.6
14.0
140.0
99.4
19.6
39.2
51.8
25.2
85.4
58.8
140.0
140.0
140.0
140.0
78.4
19.6
15.4
140.0
35.0
54.6
140.0
18.2
28.0
35.0
81.2
11.2
56.0
140.0
49.0
37.8
53.2
81.2
42.0
140.0
9.8
18.2
35.0
140.0
140.0
4.2
68.6
37.8
51.8
67.2
35.0
140.0
16.8
86.8
140.0
140.0
140.0
1.4
32.2
140.0
39.2
140.0
124.6
81.2
77.0
88.2
140.0
140.0
140.0
140.0
140.0
64.4
78.4
44.8
70.0
98.0
1.4
140.0
22.4
140.0
8.4
140.0
53.2
140.0
109.2
