3
31
77
3
8
2
5
7
19
8
54
4
2
10
98
8
9
15
20
23
50
15
20
6
15
39
4
9
11
64
98
5
17
6
34
31
8
7
17
15
98
1
13
11
33
2
98
5
10
21
6
5
54
87
9
1
98
40
20
6
37
49
8
7
17
98
11
7
4
1
98
8
40
6
4
10
3
20
23
40
48
20
4
4
31
98
17
16
24
6
7
13
3
9
41
10
86
52
3
6
3
42
4
3
27
4
14
7
80
10
8
9
0
98
6
2
43
98
8
2
10
16
8
7
98
7
3
98
74
8
73
24
4
8
30
6
10
9
15
75
6
34
6
20
70
3
11
19
5
4
51
1
6
28
13
18
2
98
11
8
98
27
7
17
64
1
9
2
16
51
20
2
13
94
3
26
1
6
20
25
5
6
14
8
20
2
9
4
18
18
98
98
1
9
10
32
2
78
5
2
13
2
20
15
2
16
8
5
3
98
10
3
28
2
7
4
20
8
4
5
1
98
15
2
24
6
47
22
11
5
3
27
16
2
12
13
7
3
15
10
14
21
2
5
2
1
98
4
3
1
2
98
98
98
13
62
5
4
18
7
7
5
16
8
15
2
8
3
14
15
65
25
16
58
0
36
4
5
2
71
12
2
1
9
19
98
7
15
85
18
2
8
12
61
54
1
37
38
1
5
56
15
19
9
5
98
11
25
31
4
3
98
2
7
12
7
27
8
7
1
1
6
20
7
4
13
42
35
50
98
5
45
98
7
20
6
24
5
2
17
9
3
98
98
3
98
3
9
4
18
5
17
98
7
9
2
15
7
5
53
98
6
18
7
5
7
1
1
6
4
6
10
10
4
24
2
5
4
5
81
1
4
49
73
82
73
29
53
98
6
2
83
4
13
4
6
5
30
8
98
15
8
17
87
8
41
29
51
6
2
98
98
65
46
12
9
50
12
7
7
43
5
98
24
14
21
35
98
75
7
17
1
1
3
10
52
2
98
9
7
3
31
8
2
27
10
22
98
50
32
2
36
21
29
42
29
9
5
33
4
5
98
1
12
75
63
1
8
67
50
1
2
66
1
2
8
10
2
22
6
10
6
6
7
4
42
98
2
2
5
1
15
5
7
24
65
26
2
19
4
38
23
10
7
47
45
38
12
2
19
10
7
49
1
4
13
47
17
10
27
26
34
6
42
6
88
98
1
13
1
2
98
6
9
98
4
2
2
33
5
4
98
7
98
8
1
3
98
0
19
11
98
5
98
12
6
1
8
65
6
11
30
69
11
98
98
6
50
9
98
35
2
9
6
98
11
8
3
8
4
10
10
2
20
98
4
41
98
3
6
13
6
3
8
14
21
5
16
52
98
23
5
98
6
90
2
98
9
14
23
15
3
1
98
5
26
2
2
3
14
3
1
8
12
1
9
98
14
79
53
5
2
98
42
1
2
7
27
98
78
98
15
4
7
98
2
98
8
55
0
23
56
98
98
13
2
6
98
1
98
5
21
1
2
98
8
79
20
2
6
1
6
3
3
9
98
6
25
3
1
23
9
5
3
13
16
6
12
0
9
98
9
8
9
2
2
21
1
8
15
31
10
33
3
6
14
98
98
7
21
2
5
29
98
98
27
2
2
2
25
6
2
17
14
8
7
25
5
7
8
1
19
98
5
30
12
13
2
3
13
7
2
51
3
2
10
2
2
2
6
23
5
98
4
6
7
21
2
15
98
7
11
0
16
5
10
2
46
8
7
71
32
8
13
7
7
5
3
6
2
2
11
10
98
98
2
5
5
1
18
2
2
55
17
20
6
1
7
3
12
11
7
11
3
10
55
57
2
15
6
28
4
2
5
98
2
21
23
9
12
15
17
5
98
6
1
1
31
16
2
43
45
5
9
23
1
7
98
11
6
6
63
2
5
26
39
19
24
14
54
4
88
2
2
22
8
98
8
17
9
1
14
6
48
11
9
41
5
1
11
6
98
94
98
12
7
15
84
5
39
3
11
0
50
5
98
20
3
7
8
11
9
7
98
51
1
2
7
49
32
7
16
17
3
7
11
16
12
14
8
2
4
2
10
2
18
8
7
98
46
42
42
3
21
10
6
8
9
6
19
2
4
9
2
3
1
9
24
15
18
8
2
35
5
75
11
34
1
6
98
14
11
12
1
5
53
23
83
64
3
81
7
62
36
12
27
5
11
12
19
2
9
3
9
27
98
23
98
7
2
27
20
19
6
11
50
14
2
49
1
23
4
5
9
29
21
3
5
4
19
2
98
6
12
5
7
3
43
5
7
48
98
10
2
49
22
42
7
98
5
1
48
98
29
12
98
50
24
2
14
6
13
2
10
98
27
1
9
13
12
2
5
7
98
27
98
28
16
12
1
6
7
93
98
2
98
2
2
10
8
98
2
10
46
98
2
36
16
2
9
2
3
5
13
6
23
77
8
5
5
4
7
12
2
87
98
98
10
2
6
1
2
12
1
18
18
44
8
14
20
15
7
8
7
24
2
11
14
21
4
8
98
98
3
4
98
2
28
2
45
3
68
3
20
5
7
8
98
21
3
7
11
98
5
12
22
12
3
98
20
14
9
6
2
6
1
31
1
98
10
