9.45
10.85
30.45
10.85
36.05
22.05
1.05
94.85
44.45
8.05
57.05
19.25
8.05
19.25
13.65
24.85
17.85
50.05
47.25
72.45
10.85
33.25
22.05
15.05
5.25
52.85
8.05
36.05
8.05
69.65
3.85
15.05
13.65
34.65
40.25
10.85
15.05
62.65
20.65
13.65
5.25
27.65
10.85
54.25
8.05
16.45
5.25
8.05
19.25
140.0
23.45
22.05
19.25
26.25
12.25
26.25
17.85
30.45
16.45
51.45
19.25
27.65
2.45
114.45
57.05
15.05
10.85
69.65
69.65
6.65
22.05
5.25
34.65
9.45
24.85
48.65
31.85
6.65
12.25
6.65
94.85
26.25
13.65
48.65
17.85
69.65
19.25
23.45
12.25
140.0
19.25
89.25
20.65
17.85
12.25
17.85
16.45
9.45
13.65
140.0
15.05
65.45
41.65
8.05
140.0
22.05
22.05
140.0
16.45
15.05
12.25
47.25
41.65
12.25
19.25
26.25
23.45
19.25
37.45
54.25
22.05
24.85
52.85
2.1
7.7
38.5
25.9
10.5
25.9
20.3
13.3
14.7
35.7
25.9
7.7
17.5
14.7
7.7
10.5
16.1
27.3
6.3
66.5
140.0
83.3
7.7
17.5
13.3
115.5
16.1
9.1
4.9
10.5
17.5
10.5
20.3
16.1
37.1
35.7
10.5
11.9
11.9
18.9
16.1
28.7
30.1
23.1
32.9
17.5
4.9
52.5
3.5
140.0
35.7
17.5
3.5
45.5
52.5
140.0
9.1
140.0
10.5
63.7
7.7
73.5
16.1
27.3
140.0
13.3
13.3
97.3
9.1
7.7
24.5
13.3
21.7
9.1
21.7
6.3
6.3
98.7
7.7
21.7
17.5
35.7
11.9
115.5
25.9
21.7
0.7
0.7
18.9
16.1
6.3
6.3
35.7
140.0
31.5
23.1
9.1
4.9
14.7
16.1
140.0
140.0
4.9
30.1
38.5
24.5
24.5
140.0
73.5
140.0
42.7
13.3
11.9
9.1
21.7
53.9
16.1
66.5
20.3
6.3
51.1
41.3
30.1
140.0
140.0
18.9
21.7
14.7
13.3
9.1
140.0
17.5
35.7
32.9
4.9
48.3
7.7
17.5
140.0
3.5
11.9
3.5
14.7
10.5
24.5
10.5
4.9
140.0
65.1
31.5
7.7
17.5
16.1
14.7
13.3
24.5
28.7
18.9
6.3
11.9
35.7
86.1
41.3
17.5
17.5
16.1
11.9
14.7
39.9
9.1
10.5
14.7
9.1
9.1
11.9
23.1
6.3
39.9
14.7
27.3
32.9
37.1
2.1
11.9
88.9
28.7
38.5
34.3
80.5
34.3
10.5
140.0
3.5
14.7
23.1
25.9
31.5
88.9
118.3
31.5
6.3
25.9
32.9
72.1
10.5
11.9
7.7
72.1
140.0
87.5
4.9
2.1
7.7
46.9
30.1
28.7
23.1
30.1
114.1
11.9
11.9
23.1
11.9
20.3
4.9
4.9
9.1
28.7
11.9
6.3
38.5
9.1
30.1
10.5
14.7
16.1
20.3
18.9
140.0
24.5
51.1
7.7
6.3
28.7
14.7
4.9
16.1
28.7
3.5
4.9
20.3
13.3
140.0
11.9
6.3
107.1
10.5
10.5
7.7
65.1
18.9
140.0
140.0
14.7
25.9
18.9
21.7
39.9
20.3
27.3
34.3
20.3
18.9
9.1
16.1
20.3
14.7
27.3
24.5
7.7
13.3
24.5
7.7
4.9
30.1
9.1
4.9
25.9
20.3
9.1
13.3
140.0
49.7
21.7
55.3
30.1
25.9
140.0
41.3
11.9
140.0
14.7
25.9
9.1
11.9
49.7
44.1
18.9
7.7
24.5
6.3
13.3
16.1
58.1
16.1
24.5
41.3
7.7
10.5
14.7
20.3
27.3
24.5
46.9
18.9
52.5
0.7
31.5
25.9
4.9
18.9
10.5
11.9
21.7
27.3
18.9
23.1
140.0
30.1
11.9
2.1
27.3
6.3
13.3
17.5
45.5
13.3
140.0
27.3
46.9
6.3
140.0
7.7
7.7
72.1
16.1
6.3
23.1
25.9
10.5
37.1
6.3
10.5
83.3
140.0
23.1
18.9
9.1
13.3
14.7
48.3
69.3
10.5
45.5
2.1
14.7
25.9
13.3
30.1
9.1
14.7
25.9
34.3
140.0
49.7
23.1
7.7
10.5
72.1
17.5
24.5
11.9
14.7
23.1
18.9
122.5
25.9
6.3
4.9
4.9
27.3
140.0
30.1
9.1
23.1
14.7
45.5
21.7
23.1
21.7
13.3
20.3
24.5
42.7
27.3
6.3
62.3
77.7
111.3
6.3
140.0
66.5
7.7
9.1
4.9
10.5
51.1
17.5
27.3
21.7
30.1
11.9
25.9
17.5
140.0
24.5
31.5
44.1
27.3
69.3
10.5
42.7
21.7
140.0
16.1
42.7
58.1
140.0
20.3
18.9
25.9
20.3
10.5
23.1
32.9
32.9
41.3
17.5
23.1
4.9
28.7
7.7
17.5
39.9
23.1
4.9
140.0
10.5
4.9
30.1
20.3
10.5
6.3
108.5
21.7
48.3
2.1
140.0
49.7
17.5
13.3
21.7
25.9
11.9
10.5
55.3
9.1
31.5
102.9
17.5
35.7
7.7
140.0
39.9
56.7
21.7
31.5
140.0
20.3
140.0
7.7
45.5
38.5
6.3
14.7
70.7
6.3
42.7
37.1
6.3
140.0
0.7
55.3
24.5
35.7
21.7
30.1
24.5
16.1
28.7
11.9
17.5
24.5
13.3
18.9
28.7
27.3
140.0
14.7
140.0
51.1
42.7
2.1
10.5
30.1
140.0
21.7
10.5
101.5
27.3
9.1
34.3
140.0
18.9
9.1
70.7
17.5
11.9
39.9
11.9
11.9
16.1
10.5
30.1
27.3
16.1
140.0
83.3
7.7
11.9
11.9
14.7
62.3
3.5
24.5
63.7
140.0
56.7
9.1
46.9
7.7
140.0
14.7
9.1
10.5
11.9
11.9
25.9
17.5
140.0
24.5
27.3
79.1
9.1
140.0
44.1
13.3
27.3
21.7
7.7
9.1
140.0
16.8
1.4
18.2
22.4
30.8
25.2
140.0
14.0
12.6
77.0
22.4
140.0
16.8
14.0
49.0
25.2
50.4
23.8
1.4
32.2
1.4
12.6
29.4
109.2
123.2
140.0
7.0
5.6
15.4
23.8
71.4
1.4
26.6
7.0
7.0
21.0
16.8
25.2
140.0
7.0
29.4
25.2
29.4
140.0
28.0
140.0
28.0
22.4
21.0
26.6
16.8
140.0
11.2
19.6
40.6
15.4
4.2
85.4
65.8
140.0
140.0
18.2
30.8
18.2
39.2
57.4
5.6
37.8
8.4
140.0
29.4
7.0
140.0
9.8
44.8
15.4
32.2
47.6
9.8
11.2
86.8
23.8
140.0
29.4
8.4
42.7
62.3
11.9
13.3
60.9
0.7
36.75
140.0
5.95
1.75
67.55
22.75
5.95
49.35
53.55
39.55
0.35
7.35
22.75
92.75
12.95
61.95
7.35
54.95
39.55
140.0
5.95
94.15
19.95
28.35
5.95
24.15
42.35
8.75
35.35
22.75
57.75
28.35
31.15
40.95
19.95
28.35
32.55
3.15
11.55
15.75
28.35
10.15
19.95
46.55
64.75
15.75
42.35
3.15
8.75
22.75
12.95
12.95
66.15
67.55
39.55
10.15
11.55
26.95
14.35
91.35
140.0
39.55
140.0
17.15
8.75
38.15
36.75
36.75
15.75
10.15
35.35
57.75
22.75
19.95
22.75
87.15
66.15
140.0
8.75
29.75
17.15
40.95
17.15
46.55
15.75
49.35
42.35
25.55
11.55
7.35
25.55
78.75
60.55
25.55
29.75
140.0
14.35
18.55
54.95
17.15
40.95
29.75
140.0
43.75
45.15
0.35
140.0
11.55
24.15
22.75
15.75
11.55
11.55
140.0
32.55
8.75
17.15
21.35
15.75
73.15
116.55
32.55
10.15
24.15
24.15
3.15
45.15
25.55
96.95
140.0
50.75
21.35
33.95
8.75
21.35
140.0
5.95
21.35
73.15
14.35
8.75
26.95
59.15
36.75
21.35
95.55
57.75
140.0
10.15
140.0
19.95
49.35
18.55
15.75
21.35
32.55
17.15
11.55
88.55
17.15
33.95
10.15
10.15
24.15
36.75
74.55
5.95
11.55
140.0
12.95
84.35
57.75
17.15
24.15
17.15
5.95
140.0
31.15
14.35
8.75
14.35
32.55
38.15
42.35
5.95
25.55
64.75
80.15
42.35
10.15
36.75
31.15
32.55
11.55
14.35
8.75
5.95
18.55
12.95
8.75
3.15
5.95
140.0
11.55
14.35
75.95
26.95
61.95
46.55
66.15
45.15
38.15
46.55
49.35
11.55
12.95
36.75
14.35
35.35
56.35
140.0
92.75
60.55
22.75
5.95
46.55
25.55
10.15
18.55
140.0
15.75
40.95
17.15
140.0
22.75
50.75
140.0
12.95
11.55
35.35
8.75
54.95
1.75
1.75
64.75
12.95
12.95
15.75
17.15
70.35
36.75
21.35
73.15
40.95
57.75
28.35
140.0
4.55
140.0
4.55
140.0
40.95
98.35
61.95
12.95
25.55
52.15
49.35
47.95
46.55
1.75
22.75
5.95
126.35
14.35
8.75
140.0
12.95
25.55
98.35
11.55
43.75
60.55
46.55
19.95
26.95
140.0
10.15
3.15
140.0
18.55
8.75
39.55
14.35
4.55
47.95
8.75
8.75
40.95
8.75
59.15
52.15
21.35
36.75
7.35
22.75
42.35
15.75
31.15
10.15
11.55
22.75
15.75
19.95
5.95
33.95
140.0
35.35
15.75
15.75
68.95
28.35
3.15
11.55
7.35
140.0
10.15
12.95
5.95
140.0
36.75
45.15
12.95
35.35
22.75
140.0
57.75
17.15
140.0
4.55
17.15
81.55
10.15
38.15
140.0
19.95
19.95
64.75
63.35
19.95
18.55
21.35
140.0
49.35
110.95
14.35
19.95
140.0
21.35
35.35
10.15
10.15
26.95
18.55
35.35
10.15
73.15
11.55
3.15
81.55
67.55
24.15
21.35
8.75
49.35
17.15
140.0
109.55
5.95
18.55
117.95
32.55
140.0
140.0
66.15
33.95
87.15
32.55
1.75
140.0
29.75
40.95
40.95
31.15
10.15
32.55
15.75
42.35
46.55
39.55
35.35
54.95
42.35
21.35
21.35
11.55
25.55
17.15
40.95
46.55
5.95
140.0
11.55
31.15
26.95
19.95
102.55
89.95
18.55
17.15
11.55
8.75
32.55
110.95
33.95
3.15
5.95
11.55
18.55
57.75
36.75
22.75
26.95
10.15
22.75
1.75
7.35
18.55
15.75
11.55
140.0
140.0
26.95
140.0
12.95
87.15
35.35
11.55
14.35
68.95
19.95
25.55
17.15
7.35
29.75
11.55
26.95
94.15
5.95
32.55
38.15
140.0
36.75
22.75
17.15
28.35
35.35
12.95
36.75
53.55
35.35
28.35
12.95
32.55
18.55
25.55
11.55
11.55
8.75
140.0
10.15
84.35
31.15
15.75
11.55
12.95
5.95
81.55
8.75
53.55
11.55
21.35
25.55
140.0
22.75
73.15
33.95
17.15
14.35
140.0
14.35
17.15
8.75
11.55
4.55
36.75
17.15
14.35
67.55
7.35
14.35
40.95
11.55
66.15
26.95
12.95
140.0
36.75
102.55
140.0
39.55
5.95
45.15
19.95
12.95
29.75
10.15
12.95
45.15
29.75
31.15
80.15
140.0
32.55
24.15
106.75
11.55
33.95
106.75
5.95
12.95
50.75
140.0
29.75
5.95
140.0
15.75
28.35
53.55
19.95
17.15
15.75
14.35
140.0
43.75
45.15
43.75
54.95
77.35
11.55
21.35
3.15
8.75
8.75
14.35
39.55
85.75
39.55
22.75
140.0
15.75
35.35
19.95
60.55
54.95
25.55
14.35
64.75
8.75
140.0
140.0
33.95
67.55
11.55
21.35
