280.0
280.0
14.0
280.0
161.0
1.4
92.4
280.0
280.0
163.8
280.0
280.0
280.0
207.2
35.0
280.0
42.0
280.0
49.0
280.0
84.0
280.0
86.8
170.8
2.8
135.8
280.0
116.2
280.0
12.6
53.2
2.8
7.0
37.8
135.8
280.0
44.8
280.0
11.2
114.8
36.4
16.8
280.0
280.0
58.8
280.0
280.0
280.0
161.0
93.8
280.0
8.4
280.0
18.2
280.0
280.0
159.6
240.8
134.4
11.2
280.0
280.0
280.0
58.8
280.0
280.0
82.6
16.8
172.2
194.6
221.2
22.4
37.8
280.0
201.6
51.8
212.8
280.0
280.0
107.8
250.6
137.2
280.0
176.4
280.0
280.0
280.0
12.6
280.0
186.2
280.0
128.8
26.6
280.0
86.8
5.6
75.6
280.0
280.0
246.4
56.0
141.4
98.0
77.0
280.0
84.0
280.0
280.0
145.6
196.0
280.0
169.4
43.4
280.0
144.2
37.8
280.0
29.4
71.4
37.8
235.2
243.6
280.0
86.8
280.0
280.0
71.4
280.0
280.0
141.4
280.0
72.8
280.0
231.0
103.6
280.0
1.4
141.4
26.6
65.8
280.0
280.0
98.0
280.0
74.2
280.0
280.0
280.0
280.0
280.0
85.4
71.4
211.4
70.0
280.0
166.6
280.0
280.0
179.2
116.2
280.0
114.8
280.0
57.4
25.2
280.0
70.0
280.0
64.4
145.6
280.0
280.0
280.0
280.0
36.4
229.6
222.6
280.0
280.0
110.6
280.0
22.4
114.8
280.0
9.8
121.8
280.0
222.6
126.0
280.0
60.2
280.0
280.0
224.0
51.8
280.0
147.0
138.6
280.0
53.2
280.0
158.2
280.0
114.8
110.6
163.8
280.0
18.2
280.0
166.6
50.4
127.4
280.0
280.0
91.0
46.2
141.4
238.0
280.0
141.4
163.8
130.2
280.0
280.0
280.0
280.0
280.0
280.0
280.0
224.0
280.0
72.1
280.0
280.0
172.9
6.3
280.0
76.3
81.9
115.5
88.9
107.1
280.0
49.7
14.7
137.9
90.3
280.0
27.3
280.0
24.5
280.0
125.3
13.3
280.0
130.9
70.7
280.0
280.0
53.9
125.3
7.7
280.0
119.7
9.1
224.7
280.0
280.0
32.9
28.7
280.0
66.5
100.1
34.3
227.5
17.5
7.7
280.0
195.3
280.0
122.5
116.9
238.7
80.5
80.5
21.7
3.5
280.0
30.1
90.3
280.0
18.9
280.0
69.3
244.3
14.7
90.3
280.0
280.0
280.0
280.0
280.0
70.7
280.0
280.0
157.5
80.5
18.9
280.0
220.5
280.0
17.5
17.5
94.5
70.7
46.9
60.9
116.9
280.0
118.3
171.5
149.1
9.1
179.9
280.0
133.7
77.7
107.1
2.1
280.0
58.1
18.9
280.0
280.0
84.7
280.0
25.9
147.7
280.0
280.0
280.0
16.1
81.9
280.0
199.5
97.3
112.7
149.1
280.0
280.0
13.3
280.0
280.0
164.5
280.0
3.5
280.0
212.1
280.0
245.7
140.7
137.9
217.7
72.1
280.0
280.0
27.3
175.7
70.7
3.5
280.0
280.0
65.1
200.9
280.0
157.5
280.0
280.0
133.7
3.5
38.5
63.7
53.9
280.0
41.3
280.0
70.7
42.7
21.7
241.5
72.1
214.9
18.9
280.0
280.0
280.0
11.9
280.0
93.1
193.9
97.3
280.0
147.7
52.5
280.0
87.5
23.1
7.7
65.1
280.0
56.7
174.3
23.1
44.1
100.1
4.9
37.1
60.9
3.5
280.0
217.7
49.7
13.3
280.0
48.3
139.3
81.9
280.0
280.0
280.0
27.3
94.5
17.5
280.0
280.0
135.1
280.0
4.9
280.0
280.0
115.5
109.9
254.1
16.1
10.5
280.0
24.5
17.5
13.3
163.1
280.0
280.0
280.0
217.7
58.1
56.7
280.0
280.0
280.0
164.5
38.5
172.9
168.7
20.3
108.5
280.0
7.7
86.1
280.0
86.1
17.5
9.1
280.0
0.7
91.7
142.1
121.1
6.3
280.0
51.1
10.5
21.7
207.9
49.7
104.3
135.1
280.0
14.7
280.0
280.0
280.0
28.7
112.7
161.7
280.0
224.7
14.7
95.9
280.0
280.0
126.7
4.9
261.1
139.3
48.3
24.5
31.5
0.7
21.7
24.5
280.0
9.1
38.5
90.3
74.9
125.3
45.5
280.0
139.3
95.9
112.7
118.3
280.0
87.5
107.1
280.0
51.1
21.7
60.9
280.0
280.0
111.3
280.0
280.0
280.0
105.7
175.7
38.5
136.5
280.0
172.9
280.0
280.0
233.1
16.1
280.0
214.9
280.0
4.9
136.5
69.3
280.0
280.0
280.0
105.7
280.0
128.1
231.7
280.0
280.0
98.7
70.7
56.7
137.9
280.0
65.1
146.3
280.0
179.9
18.9
216.3
280.0
280.0
178.5
0.7
280.0
104.3
182.7
28.7
46.9
125.3
39.9
101.5
49.7
100.1
280.0
280.0
223.3
280.0
46.9
178.5
280.0
58.1
23.1
83.3
139.3
20.3
142.1
108.5
17.5
280.0
53.9
280.0
185.5
280.0
111.3
233.1
280.0
84.7
16.1
280.0
280.0
280.0
280.0
95.9
6.3
34.3
25.9
280.0
87.5
280.0
280.0
280.0
51.1
16.1
45.5
67.9
219.1
280.0
65.1
280.0
171.5
280.0
126.7
94.5
280.0
238.7
7.7
122.5
102.9
4.9
280.0
30.1
137.9
234.5
280.0
280.0
280.0
217.7
280.0
0.7
66.5
21.7
280.0
280.0
121.1
280.0
280.0
280.0
280.0
23.1
280.0
150.5
16.1
130.9
221.9
4.9
55.3
143.5
186.9
30.1
280.0
77.7
21.7
24.5
83.3
280.0
168.7
39.9
150.5
280.0
27.3
114.1
4.9
280.0
177.1
107.1
178.5
226.1
121.1
156.1
2.1
59.5
280.0
18.9
72.1
212.1
6.3
144.9
231.7
237.3
90.3
52.5
177.1
44.1
240.1
280.0
280.0
6.3
280.0
60.9
35.7
280.0
58.1
280.0
110.6
224.0
18.2
280.0
280.0
211.4
280.0
280.0
191.8
280.0
280.0
280.0
4.2
105.0
280.0
70.0
96.6
49.0
280.0
280.0
117.6
37.8
53.2
280.0
36.4
280.0
280.0
42.0
140.0
280.0
198.8
92.4
40.6
280.0
280.0
280.0
155.4
105.0
240.8
280.0
175.0
26.6
280.0
151.2
280.0
88.2
280.0
18.2
280.0
84.0
75.6
56.0
168.0
9.8
280.0
40.6
100.8
280.0
119.0
4.2
177.8
280.0
9.8
154.0
81.2
14.0
67.2
47.6
29.4
221.2
23.8
280.0
218.4
280.0
98.0
280.0
186.2
280.0
280.0
242.2
280.0
26.6
172.2
177.8
40.6
280.0
280.0
280.0
280.0
280.0
162.4
280.0
280.0
53.2
280.0
103.6
280.0
64.4
280.0
280.0
280.0
16.8
92.4
280.0
280.0
204.4
280.0
22.4
226.8
280.0
280.0
280.0
280.0
280.0
7.0
280.0
280.0
154.0
63.0
7.0
280.0
60.2
23.8
179.2
16.8
280.0
235.2
4.2
233.8
280.0
159.6
280.0
280.0
79.8
166.6
191.8
280.0
280.0
85.4
77.0
280.0
30.8
112.0
64.4
280.0
280.0
280.0
26.6
280.0
112.0
56.0
166.6
133.0
65.8
280.0
179.2
14.0
91.0
9.8
61.6
165.2
40.6
280.0
124.6
280.0
280.0
205.8
280.0
280.0
169.4
280.0
75.6
106.4
280.0
280.0
280.0
65.8
67.2
280.0
19.6
148.4
42.0
131.6
280.0
91.0
280.0
280.0
19.6
