280.0
280.0
14.7
280.0
280.0
31.5
280.0
280.0
280.0
93.1
227.5
280.0
280.0
280.0
280.0
280.0
280.0
149.1
280.0
280.0
280.0
280.0
70.7
9.1
280.0
3.5
280.0
280.0
280.0
280.0
140.7
280.0
9.1
39.9
280.0
280.0
280.0
280.0
280.0
280.0
76.3
17.5
171.5
280.0
193.9
280.0
109.9
280.0
280.0
42.7
280.0
79.1
280.0
280.0
280.0
280.0
221.9
280.0
280.0
11.9
280.0
280.0
280.0
280.0
280.0
280.0
42.7
123.9
98.7
280.0
157.5
84.7
280.0
154.7
280.0
280.0
115.5
115.5
280.0
280.0
280.0
93.1
241.5
70.7
280.0
280.0
280.0
280.0
280.0
135.1
280.0
280.0
280.0
280.0
135.1
280.0
20.3
280.0
51.1
151.9
280.0
280.0
280.0
202.3
93.1
280.0
174.3
280.0
280.0
280.0
280.0
62.3
280.0
280.0
280.0
247.1
280.0
280.0
280.0
280.0
31.5
104.3
280.0
280.0
280.0
280.0
280.0
280.0
53.9
104.3
280.0
137.9
115.5
3.5
280.0
280.0
280.0
280.0
280.0
280.0
280.0
280.0
280.0
280.0
280.0
160.3
101.5
280.0
280.0
280.0
280.0
3.5
132.3
280.0
280.0
280.0
280.0
45.5
160.3
39.9
115.5
59.5
280.0
280.0
280.0
17.5
53.9
280.0
31.5
280.0
280.0
280.0
280.0
280.0
39.9
255.5
280.0
165.9
42.7
280.0
280.0
280.0
280.0
280.0
280.0
129.5
48.3
62.3
17.5
280.0
280.0
149.1
132.3
280.0
280.0
280.0
280.0
280.0
48.3
280.0
280.0
280.0
280.0
280.0
280.0
280.0
25.9
39.9
56.7
65.1
280.0
280.0
280.0
280.0
280.0
20.3
62.3
280.0
280.0
129.5
90.3
280.0
280.0
280.0
280.0
135.1
207.9
280.0
280.0
280.0
280.0
280.0
280.0
280.0
280.0
2.8
280.0
280.0
280.0
8.4
280.0
280.0
280.0
84.0
280.0
280.0
280.0
280.0
280.0
120.4
280.0
280.0
280.0
14.0
280.0
280.0
280.0
190.4
280.0
61.6
280.0
140.0
198.8
280.0
140.0
280.0
252.0
280.0
89.6
280.0
280.0
44.8
2.8
19.6
280.0
14.0
280.0
64.4
280.0
42.0
280.0
120.4
109.2
280.0
252.0
11.2
5.6
280.0
106.4
280.0
33.6
280.0
162.4
33.6
53.2
89.6
280.0
280.0
280.0
81.2
280.0
257.6
36.4
151.2
280.0
246.4
280.0
280.0
67.2
280.0
36.4
280.0
280.0
89.6
280.0
280.0
210.0
56.0
280.0
98.0
215.6
280.0
280.0
280.0
280.0
70.0
280.0
280.0
86.8
280.0
280.0
280.0
280.0
280.0
280.0
252.0
280.0
280.0
260.4
280.0
280.0
280.0
117.6
280.0
8.4
280.0
280.0
72.8
280.0
280.0
280.0
56.0
254.8
280.0
280.0
280.0
44.8
280.0
221.2
95.2
280.0
280.0
252.0
30.8
243.6
50.4
95.2
280.0
280.0
280.0
95.2
280.0
280.0
168.0
280.0
30.8
190.4
280.0
280.0
2.8
280.0
2.8
280.0
280.0
280.0
280.0
280.0
89.6
128.8
280.0
148.4
187.6
14.0
280.0
184.8
280.0
25.2
280.0
81.2
280.0
229.6
280.0
120.4
112.0
168.0
280.0
86.8
280.0
257.6
280.0
280.0
280.0
280.0
5.6
103.6
280.0
218.4
280.0
280.0
280.0
280.0
280.0
14.0
280.0
280.0
280.0
280.0
280.0
280.0
2.8
280.0
280.0
280.0
249.2
190.4
120.4
280.0
5.6
280.0
280.0
280.0
280.0
187.6
229.6
235.2
280.0
25.2
16.8
170.8
280.0
123.2
280.0
50.4
114.8
280.0
280.0
280.0
25.2
280.0
280.0
86.8
78.4
249.2
280.0
280.0
280.0
8.4
280.0
280.0
280.0
16.8
280.0
280.0
2.8
218.4
280.0
280.0
19.6
148.4
53.2
11.2
260.4
142.8
28.0
179.2
148.4
280.0
280.0
280.0
280.0
280.0
280.0
280.0
280.0
134.4
218.4
280.0
280.0
280.0
280.0
280.0
5.6
47.6
280.0
280.0
280.0
224.0
22.4
280.0
280.0
280.0
280.0
11.2
280.0
280.0
280.0
280.0
280.0
123.2
280.0
22.4
280.0
142.8
280.0
280.0
280.0
36.4
280.0
280.0
280.0
151.2
173.6
5.6
280.0
246.4
72.8
280.0
280.0
280.0
280.0
53.2
280.0
280.0
280.0
14.0
280.0
280.0
8.4
5.6
226.8
280.0
280.0
168.0
280.0
58.8
246.4
280.0
58.8
280.0
154.0
22.4
190.4
280.0
280.0
280.0
50.4
280.0
196.0
280.0
2.8
162.4
280.0
280.0
56.0
210.0
280.0
22.4
280.0
280.0
280.0
120.4
47.6
229.6
280.0
100.8
72.8
280.0
280.0
280.0
280.0
280.0
280.0
14.0
280.0
280.0
280.0
280.0
114.8
280.0
39.2
235.2
280.0
280.0
75.6
280.0
25.2
280.0
280.0
280.0
232.4
145.6
280.0
280.0
280.0
193.2
187.6
33.6
151.2
280.0
162.4
280.0
246.4
201.6
47.6
16.8
98.0
280.0
190.4
280.0
280.0
280.0
280.0
280.0
280.0
280.0
280.0
142.8
280.0
100.8
280.0
280.0
280.0
201.6
280.0
280.0
131.6
280.0
280.0
212.8
280.0
2.8
84.0
22.4
86.8
151.2
280.0
280.0
8.4
280.0
280.0
280.0
151.2
103.6
218.4
168.0
173.6
280.0
44.8
36.4
280.0
42.0
280.0
280.0
103.6
25.2
280.0
280.0
280.0
280.0
280.0
280.0
280.0
280.0
280.0
224.0
109.2
280.0
280.0
198.8
232.4
280.0
16.8
114.8
212.8
280.0
53.2
280.0
75.6
280.0
280.0
280.0
280.0
280.0
280.0
280.0
280.0
280.0
280.0
50.4
280.0
212.8
36.4
280.0
58.8
280.0
280.0
280.0
280.0
280.0
235.9
280.0
280.0
280.0
280.0
280.0
280.0
280.0
0.7
235.9
280.0
280.0
280.0
280.0
224.7
280.0
280.0
280.0
53.9
280.0
280.0
280.0
280.0
280.0
280.0
25.9
280.0
67.9
280.0
280.0
280.0
280.0
280.0
280.0
151.9
154.7
280.0
280.0
280.0
280.0
28.7
17.5
280.0
280.0
280.0
280.0
280.0
140.7
280.0
137.9
280.0
280.0
280.0
280.0
280.0
53.9
280.0
280.0
9.1
280.0
280.0
280.0
280.0
165.9
280.0
280.0
280.0
280.0
280.0
280.0
280.0
280.0
280.0
280.0
280.0
252.7
137.9
280.0
95.9
115.5
280.0
157.5
107.1
280.0
280.0
20.3
280.0
280.0
87.5
56.7
280.0
280.0
235.9
280.0
9.1
280.0
280.0
17.5
280.0
112.7
280.0
255.5
31.5
280.0
280.0
280.0
107.1
280.0
280.0
48.3
280.0
280.0
280.0
154.7
280.0
280.0
3.5
62.3
219.1
280.0
48.3
76.3
188.3
280.0
90.3
177.1
81.9
280.0
280.0
280.0
280.0
280.0
280.0
280.0
73.5
280.0
280.0
34.3
280.0
48.3
280.0
280.0
207.9
280.0
202.3
280.0
280.0
81.9
280.0
205.1
280.0
280.0
280.0
280.0
202.3
280.0
280.0
280.0
48.3
280.0
280.0
182.7
280.0
280.0
280.0
280.0
280.0
280.0
280.0
235.9
135.1
193.9
280.0
280.0
280.0
280.0
146.3
280.0
115.5
280.0
280.0
280.0
280.0
280.0
