280.0
280.0
80.5
182.7
280.0
280.0
280.0
280.0
59.5
280.0
280.0
23.1
280.0
196.7
280.0
280.0
86.1
280.0
280.0
88.9
280.0
45.5
280.0
280.0
9.1
102.9
62.3
227.5
153.3
137.9
181.3
23.1
101.5
55.3
118.3
91.7
280.0
109.9
280.0
280.0
107.1
18.9
25.9
280.0
142.1
139.3
150.5
41.3
188.3
59.5
16.1
111.3
280.0
280.0
88.9
53.9
280.0
280.0
116.9
280.0
205.1
79.1
55.3
280.0
280.0
280.0
280.0
280.0
66.5
280.0
280.0
32.9
115.5
55.3
32.9
280.0
202.3
280.0
280.0
7.7
105.7
280.0
46.9
130.9
280.0
132.3
42.7
6.3
73.5
280.0
170.1
98.7
280.0
280.0
189.7
80.5
210.7
280.0
35.7
88.9
48.3
9.1
280.0
280.0
42.7
280.0
280.0
37.1
280.0
224.7
109.9
226.1
245.7
280.0
44.1
280.0
177.1
192.5
280.0
280.0
199.5
69.3
280.0
88.9
13.3
280.0
121.1
280.0
81.9
280.0
213.5
280.0
280.0
119.7
280.0
119.7
100.1
58.1
25.9
280.0
280.0
63.7
280.0
280.0
14.7
280.0
280.0
280.0
192.5
115.5
280.0
280.0
77.7
280.0
17.5
81.9
109.9
108.5
224.7
280.0
280.0
280.0
280.0
88.9
108.5
98.7
60.9
7.7
28.7
203.7
280.0
112.7
203.7
91.7
280.0
94.5
62.3
280.0
280.0
65.1
233.1
280.0
151.9
200.9
280.0
280.0
108.5
67.9
31.5
280.0
69.3
6.3
280.0
32.9
48.3
280.0
13.3
42.7
24.5
280.0
280.0
192.5
280.0
90.3
116.9
132.3
280.0
87.5
91.7
280.0
280.0
280.0
280.0
161.7
52.5
280.0
77.7
280.0
280.0
121.1
130.9
280.0
280.0
280.0
280.0
280.0
280.0
199.5
217.7
212.1
58.1
280.0
280.0
280.0
31.5
28.7
46.9
132.3
280.0
24.5
3.5
280.0
0.7
79.1
9.1
14.7
41.3
14.7
49.7
27.3
168.7
44.1
128.1
280.0
9.1
280.0
280.0
181.3
167.3
69.3
280.0
249.9
280.0
171.5
280.0
81.9
46.9
37.1
280.0
150.5
55.3
280.0
77.7
0.7
280.0
70.7
101.5
34.3
244.3
20.3
238.7
23.1
202.3
37.1
280.0
280.0
59.5
60.9
7.7
67.9
38.5
7.7
188.3
280.0
156.1
7.7
185.5
32.9
248.5
252.7
4.9
46.9
280.0
34.3
41.3
41.3
280.0
280.0
280.0
63.7
280.0
2.1
128.1
6.3
280.0
37.1
280.0
163.1
280.0
4.9
55.3
4.9
280.0
6.3
87.5
249.9
63.7
42.7
67.9
280.0
51.1
280.0
280.0
84.7
65.1
116.9
93.1
73.5
280.0
248.5
0.7
280.0
136.5
4.9
45.5
280.0
136.5
280.0
121.1
37.1
46.9
226.1
228.9
74.9
212.1
0.7
238.7
58.1
280.0
280.0
2.1
18.9
280.0
13.3
4.9
280.0
280.0
280.0
97.3
280.0
95.9
65.1
280.0
95.9
280.0
203.7
98.7
280.0
10.5
63.7
80.5
132.3
112.7
108.5
280.0
14.7
136.5
280.0
280.0
79.1
280.0
88.9
20.3
280.0
149.1
280.0
63.7
79.1
280.0
150.5
150.5
93.1
174.3
280.0
60.9
38.5
32.9
280.0
209.3
27.3
280.0
280.0
93.1
14.7
280.0
53.9
41.3
73.5
157.5
188.3
95.9
280.0
11.9
46.9
60.9
280.0
142.1
184.1
69.3
280.0
280.0
13.3
17.5
42.7
41.3
6.3
280.0
149.1
280.0
280.0
114.1
137.9
280.0
168.7
130.9
13.3
109.9
11.9
122.5
39.9
52.5
65.1
280.0
25.9
32.9
251.3
80.5
18.9
203.7
37.1
14.7
41.3
123.9
95.9
280.0
28.7
73.5
184.1
104.3
76.3
119.7
58.1
67.9
142.1
280.0
79.1
280.0
48.3
280.0
80.5
3.5
20.3
280.0
161.7
280.0
65.1
7.7
59.5
17.5
9.1
25.9
254.1
280.0
280.0
18.9
147.7
280.0
98.7
280.0
20.3
46.9
23.1
280.0
280.0
280.0
69.3
17.5
280.0
53.9
112.7
87.5
280.0
119.7
280.0
128.1
59.5
39.9
280.0
280.0
38.5
203.7
280.0
115.5
2.1
280.0
109.9
7.7
280.0
280.0
63.7
280.0
242.9
280.0
27.3
280.0
280.0
280.0
66.5
280.0
280.0
280.0
3.5
172.9
280.0
280.0
242.9
13.3
280.0
182.7
280.0
98.7
44.1
46.9
280.0
23.1
280.0
280.0
146.3
32.9
280.0
280.0
114.1
102.9
280.0
6.3
135.1
39.9
230.3
280.0
137.9
13.3
30.1
52.5
280.0
13.3
280.0
11.9
51.1
280.0
174.3
132.3
280.0
45.5
251.3
27.3
280.0
10.5
42.7
18.9
280.0
280.0
17.5
7.7
200.9
280.0
280.0
203.7
114.1
55.3
280.0
4.9
116.9
9.1
280.0
67.9
214.9
280.0
256.9
86.1
10.5
280.0
167.3
280.0
226.1
17.5
101.5
112.7
280.0
280.0
7.7
280.0
42.7
221.9
24.5
154.7
247.1
80.5
133.7
4.9
150.5
280.0
280.0
32.9
195.3
280.0
91.7
63.7
132.3
168.7
16.1
280.0
280.0
280.0
21.7
128.1
84.7
280.0
213.5
280.0
252.7
280.0
280.0
191.1
280.0
280.0
52.5
86.1
153.3
154.7
49.7
280.0
140.7
27.3
7.7
280.0
175.7
149.1
132.3
56.7
280.0
23.1
31.5
280.0
280.0
280.0
65.1
21.7
67.9
38.5
87.5
13.3
14.7
48.3
73.5
35.7
104.3
42.7
87.5
55.3
126.7
70.7
6.3
25.9
76.3
62.3
280.0
34.3
10.5
280.0
16.1
121.1
11.9
66.5
20.3
87.5
31.5
20.3
10.5
46.9
151.9
280.0
14.7
4.9
164.5
280.0
13.3
27.3
0.7
30.1
16.1
11.9
46.9
93.1
7.7
0.7
280.0
6.3
280.0
53.9
168.7
254.1
6.3
21.7
280.0
149.1
221.9
56.7
32.9
112.7
20.3
186.9
280.0
56.7
13.3
280.0
163.1
153.3
241.5
35.7
280.0
13.3
38.5
24.5
88.9
280.0
4.9
27.3
280.0
4.9
80.5
13.3
280.0
119.7
280.0
109.9
3.5
56.7
168.7
280.0
242.9
114.1
63.7
0.7
101.5
25.9
280.0
280.0
17.5
37.1
25.9
41.3
13.3
25.9
280.0
48.3
18.9
14.7
280.0
10.5
7.7
217.7
129.5
28.7
280.0
188.3
41.3
41.3
52.5
16.1
44.1
25.9
34.3
53.9
24.5
171.5
17.5
4.9
139.3
105.7
55.3
28.7
149.1
280.0
2.1
111.3
60.9
24.5
9.1
73.5
280.0
77.7
88.9
182.7
48.3
32.9
280.0
280.0
280.0
144.9
280.0
247.1
39.9
149.1
35.7
280.0
41.3
76.3
280.0
18.9
20.3
116.9
104.3
13.3
252.7
31.5
17.5
172.9
55.3
28.7
51.1
151.9
280.0
46.9
280.0
280.0
44.1
28.7
30.1
3.5
23.1
97.3
94.5
10.5
35.7
280.0
244.3
6.3
280.0
115.5
3.5
0.7
77.7
25.9
14.7
77.7
280.0
130.9
42.7
18.9
27.3
4.9
6.3
18.9
20.3
280.0
23.1
203.7
72.1
9.1
139.3
0.7
4.9
77.7
17.5
42.7
18.9
24.5
97.3
280.0
10.5
17.5
80.5
13.3
111.3
10.5
81.9
10.5
280.0
39.9
17.5
14.7
242.9
17.5
280.0
280.0
280.0
65.1
31.5
91.7
280.0
77.7
121.1
280.0
42.7
280.0
53.9
67.9
149.1
280.0
6.3
116.9
67.9
18.9
37.1
42.7
17.5
60.9
41.3
280.0
44.1
234.5
280.0
14.7
188.3
188.3
21.7
9.1
129.5
4.9
119.7
280.0
80.5
31.5
280.0
280.0
97.3
221.9
125.3
9.1
37.1
280.0
11.9
41.3
280.0
16.1
161.7
0.7
21.7
280.0
280.0
9.1
280.0
280.0
24.5
114.1
35.7
220.5
2.1
280.0
16.1
108.5
118.3
280.0
151.9
94.5
280.0
16.1
2.1
252.7
100.1
168.7
280.0
77.7
73.5
280.0
280.0
280.0
4.9
67.9
280.0
280.0
255.5
280.0
280.0
16.1
17.5
130.9
128.1
167.3
133.7
66.5
34.3
77.7
63.7
247.1
90.3
280.0
108.5
6.3
280.0
69.3
144.9
14.7
139.3
65.1
46.9
177.1
118.3
248.5
280.0
280.0
280.0
39.9
60.9
73.5
213.5
59.5
209.3
231.7
210.7
18.9
140.7
280.0
280.0
119.7
119.7
186.9
23.1
109.9
280.0
0.7
17.5
4.9
21.7
280.0
280.0
203.7
87.5
3.5
280.0
3.5
59.5
280.0
280.0
38.5
77.7
105.7
280.0
73.5
30.1
73.5
97.3
119.7
48.3
149.1
17.5
149.1
280.0
144.9
156.1
280.0
135.1
17.5
280.0
0.7
280.0
249.9
129.5
52.5
35.7
280.0
0.7
122.5
161.7
17.5
27.3
10.5
52.5
7.7
25.9
280.0
32.9
90.3
280.0
280.0
4.9
70.7
37.1
38.5
21.7
39.9
42.7
17.5
14.7
24.5
280.0
9.1
240.1
18.9
137.9
7.7
280.0
189.7
53.9
280.0
86.1
48.3
60.9
130.9
88.9
128.1
94.5
280.0
280.0
280.0
125.3
10.5
2.1
280.0
16.1
28.7
105.7
280.0
280.0
0.7
41.3
147.7
0.7
280.0
280.0
21.7
37.1
51.1
114.1
24.5
181.3
2.1
280.0
7.7
280.0
100.1
2.1
280.0
280.0
108.5
280.0
42.7
20.3
280.0
280.0
210.7
60.9
11.9
184.1
3.5
130.9
18.9
217.7
95.9
88.9
143.5
60.9
280.0
3.5
84.7
280.0
280.0
280.0
0.7
90.3
63.7
137.9
35.7
182.7
191.1
280.0
280.0
35.7
280.0
280.0
38.5
280.0
72.1
80.5
21.7
280.0
76.3
84.7
170.1
21.7
56.7
280.0
154.7
70.7
280.0
280.0
14.7
280.0
14.7
280.0
69.3
7.7
158.9
280.0
21.7
163.1
280.0
104.3
172.9
280.0
280.0
280.0
132.3
280.0
13.3
200.9
52.5
18.9
2.1
27.3
23.1
280.0
83.3
34.3
280.0
2.1
34.3
280.0
259.7
80.5
132.3
3.5
16.1
189.7
69.3
280.0
27.3
90.3
280.0
79.1
280.0
38.5
280.0
9.1
21.7
280.0
18.9
3.5
39.9
182.7
0.7
28.7
280.0
69.3
280.0
20.3
51.1
280.0
81.9
280.0
49.7
280.0
11.9
280.0
280.0
174.3
63.7
280.0
66.5
241.5
0.7
21.7
48.3
62.3
63.7
280.0
212.1
86.1
140.7
32.9
280.0
174.3
280.0
42.7
55.3
41.3
280.0
65.1
280.0
280.0
37.1
37.1
14.7
67.9
16.1
27.3
23.1
280.0
44.1
21.7
280.0
32.9
100.1
32.9
280.0
21.7
122.5
4.9
10.5
133.7
10.5
30.1
2.1
280.0
24.5
28.7
44.1
13.3
280.0
144.9
280.0
80.5
280.0
280.0
21.7
280.0
66.5
18.9
123.9
14.7
80.5
280.0
280.0
17.5
107.1
62.3
35.7
69.3
38.5
86.1
280.0
252.7
280.0
280.0
37.1
3.5
32.9
146.3
14.7
34.3
179.9
280.0
74.9
6.3
280.0
280.0
280.0
220.5
209.3
20.3
280.0
280.0
13.3
18.9
53.9
52.5
44.1
280.0
13.3
230.3
118.3
251.3
280.0
10.5
280.0
23.1
111.3
60.9
280.0
6.3
53.9
280.0
14.7
24.5
196.7
39.9
58.1
72.1
24.5
203.7
67.9
132.3
7.7
151.9
18.9
3.5
280.0
16.1
42.7
7.7
24.5
25.9
280.0
223.3
163.1
6.3
129.5
21.7
79.1
28.7
86.1
242.9
280.0
14.7
95.9
280.0
280.0
7.7
31.5
38.5
53.9
221.9
77.7
94.5
4.9
2.1
14.7
4.9
280.0
49.7
129.5
280.0
280.0
69.3
13.3
51.1
55.3
84.7
11.9
280.0
87.5
280.0
69.3
17.5
280.0
46.9
11.9
30.1
91.7
154.7
280.0
126.7
65.1
17.5
168.7
37.1
44.1
34.3
115.5
280.0
280.0
115.5
147.7
198.1
46.9
42.7
9.1
59.5
221.9
27.3
95.9
20.3
4.9
10.5
280.0
280.0
280.0
10.5
17.5
172.9
11.9
139.3
163.1
175.7
280.0
0.7
280.0
280.0
280.0
14.7
280.0
280.0
280.0
77.7
280.0
76.3
63.7
125.3
165.9
45.5
189.7
41.3
49.7
200.9
0.7
63.7
280.0
280.0
161.7
280.0
105.7
70.7
83.3
13.3
280.0
86.1
21.7
280.0
59.5
280.0
20.3
220.5
280.0
11.9
280.0
171.5
184.1
51.1
16.1
280.0
280.0
74.9
144.9
24.5
280.0
144.9
280.0
13.3
17.5
23.1
280.0
77.7
157.5
32.9
280.0
31.5
280.0
67.9
18.9
39.9
37.1
280.0
280.0
83.3
280.0
20.3
45.5
157.5
7.7
60.9
234.5
58.1
66.5
164.5
280.0
27.3
213.5
280.0
60.9
111.3
16.1
280.0
14.7
280.0
165.9
101.5
280.0
116.9
133.7
156.1
280.0
97.3
62.3
62.3
10.5
280.0
107.1
2.1
164.5
31.5
191.1
105.7
17.5
59.5
119.7
35.7
200.9
23.1
39.9
193.9
122.5
14.7
23.1
128.1
28.7
67.9
32.9
62.3
62.3
280.0
280.0
56.7
65.1
280.0
74.9
280.0
280.0
32.9
280.0
3.5
51.1
10.5
130.9
51.1
280.0
76.3
16.1
77.7
280.0
9.1
251.3
2.1
164.5
280.0
280.0
10.5
90.3
95.9
174.3
79.1
119.7
48.3
35.7
168.7
44.1
280.0
280.0
21.7
41.3
280.0
51.1
80.5
3.5
280.0
58.1
74.9
280.0
23.1
118.3
280.0
39.9
7.7
280.0
280.0
280.0
84.7
280.0
100.1
98.7
247.1
24.5
280.0
119.7
149.1
65.1
93.1
20.3
191.1
280.0
100.1
133.7
65.1
112.7
280.0
55.3
58.1
73.5
95.9
280.0
4.9
280.0
280.0
280.0
280.0
44.1
280.0
135.1
27.3
4.9
4.9
193.9
280.0
18.9
280.0
55.3
