280.0
280.0
280.0
280.0
280.0
280.0
280.0
280.0
280.0
280.0
280.0
89.6
280.0
280.0
114.8
142.8
215.6
280.0
154.0
184.8
280.0
280.0
280.0
106.4
280.0
173.6
61.6
162.4
280.0
280.0
50.4
56.0
173.6
56.0
14.0
280.0
280.0
280.0
47.6
280.0
280.0
100.8
44.8
280.0
226.8
193.2
280.0
280.0
123.2
280.0
280.0
280.0
249.2
280.0
280.0
170.8
67.2
280.0
280.0
280.0
39.2
280.0
280.0
280.0
190.4
280.0
280.0
280.0
280.0
72.8
280.0
170.8
5.6
246.4
280.0
280.0
280.0
112.0
280.0
280.0
280.0
280.0
280.0
170.8
280.0
280.0
280.0
280.0
184.8
280.0
280.0
280.0
263.2
207.2
229.6
280.0
280.0
280.0
114.8
280.0
25.2
179.2
280.0
112.0
280.0
280.0
280.0
280.0
280.0
280.0
151.2
218.4
280.0
280.0
280.0
280.0
280.0
280.0
280.0
280.0
117.6
154.0
252.0
280.0
30.8
182.0
39.2
210.0
280.0
86.8
280.0
246.4
280.0
280.0
280.0
280.0
280.0
207.2
280.0
103.6
280.0
280.0
280.0
280.0
280.0
280.0
280.0
280.0
193.2
280.0
114.8
280.0
75.6
280.0
280.0
196.0
70.0
280.0
280.0
280.0
280.0
280.0
170.8
280.0
280.0
280.0
280.0
280.0
280.0
184.8
280.0
140.0
61.6
280.0
280.0
280.0
117.6
280.0
280.0
67.2
280.0
280.0
280.0
184.8
280.0
280.0
280.0
120.4
280.0
280.0
280.0
280.0
280.0
280.0
280.0
280.0
103.6
280.0
280.0
280.0
280.0
280.0
280.0
280.0
44.8
280.0
280.0
70.0
280.0
280.0
56.0
280.0
280.0
128.8
280.0
280.0
280.0
280.0
280.0
280.0
280.0
134.4
42.0
280.0
84.0
280.0
280.0
280.0
280.0
280.0
193.2
280.0
280.0
240.8
280.0
280.0
280.0
280.0
280.0
280.0
280.0
280.0
280.0
280.0
44.8
280.0
280.0
280.0
280.0
280.0
114.8
280.0
117.6
145.6
280.0
280.0
280.0
280.0
280.0
78.4
123.2
39.2
280.0
280.0
179.2
33.6
58.8
72.8
280.0
280.0
280.0
280.0
280.0
280.0
280.0
280.0
140.0
22.4
33.6
280.0
137.2
22.4
280.0
170.8
75.6
154.0
50.4
53.2
280.0
246.4
280.0
28.0
280.0
280.0
280.0
280.0
89.6
123.2
280.0
280.0
5.6
39.2
280.0
280.0
165.2
280.0
280.0
280.0
280.0
280.0
280.0
280.0
201.6
280.0
280.0
39.2
249.2
280.0
280.0
5.6
280.0
47.6
156.8
47.6
28.0
280.0
280.0
221.2
117.6
280.0
280.0
280.0
30.8
145.6
84.0
95.2
280.0
53.2
280.0
162.4
2.8
280.0
280.0
280.0
280.0
280.0
47.6
280.0
280.0
280.0
280.0
280.0
280.0
5.6
280.0
2.8
280.0
280.0
159.6
72.8
81.2
44.8
162.4
280.0
280.0
280.0
280.0
249.2
280.0
280.0
280.0
280.0
112.0
280.0
280.0
280.0
8.4
50.4
280.0
280.0
280.0
120.4
72.8
280.0
280.0
280.0
280.0
240.8
280.0
280.0
280.0
280.0
56.0
280.0
280.0
280.0
280.0
78.4
280.0
280.0
280.0
92.4
64.4
280.0
280.0
159.6
162.4
280.0
280.0
280.0
280.0
280.0
280.0
280.0
280.0
53.2
19.6
280.0
280.0
280.0
280.0
280.0
280.0
280.0
280.0
280.0
218.4
184.8
280.0
280.0
78.4
280.0
280.0
280.0
154.0
131.6
8.4
280.0
280.0
86.8
280.0
280.0
280.0
280.0
280.0
280.0
280.0
103.6
280.0
56.0
140.0
151.2
137.2
148.4
280.0
280.0
11.2
280.0
56.0
201.6
16.8
280.0
280.0
280.0
193.2
280.0
280.0
280.0
75.6
56.0
280.0
30.8
39.2
42.0
44.8
280.0
280.0
280.0
58.8
280.0
2.8
235.2
280.0
280.0
280.0
280.0
280.0
280.0
280.0
5.6
280.0
280.0
280.0
280.0
280.0
280.0
280.0
137.2
280.0
280.0
280.0
28.0
280.0
280.0
280.0
280.0
173.6
280.0
280.0
280.0
58.8
280.0
280.0
280.0
280.0
61.6
280.0
142.8
280.0
280.0
280.0
280.0
280.0
5.6
47.6
280.0
11.2
86.8
50.4
28.0
280.0
280.0
280.0
280.0
140.0
280.0
280.0
280.0
280.0
75.6
280.0
280.0
173.6
84.0
176.4
280.0
42.0
156.8
280.0
224.0
280.0
280.0
280.0
280.0
280.0
280.0
280.0
232.4
280.0
280.0
280.0
280.0
14.0
232.4
280.0
280.0
280.0
280.0
280.0
280.0
280.0
280.0
280.0
72.8
61.6
106.4
280.0
252.0
280.0
280.0
280.0
280.0
33.6
280.0
95.2
280.0
72.8
154.0
280.0
280.0
280.0
280.0
215.6
280.0
280.0
280.0
11.2
280.0
36.4
280.0
280.0
140.0
142.8
280.0
98.0
280.0
280.0
131.6
280.0
84.0
280.0
280.0
154.0
280.0
280.0
280.0
280.0
280.0
162.4
39.2
280.0
112.0
280.0
81.2
8.4
280.0
190.4
280.0
84.0
72.8
280.0
280.0
280.0
280.0
280.0
196.0
280.0
112.0
280.0
33.6
280.0
280.0
170.8
280.0
240.8
280.0
280.0
280.0
280.0
280.0
159.6
280.0
280.0
280.0
238.0
280.0
280.0
280.0
280.0
14.0
280.0
210.0
28.0
280.0
280.0
280.0
280.0
280.0
280.0
254.8
280.0
280.0
280.0
176.4
22.4
280.0
22.4
47.6
280.0
86.8
14.0
28.0
280.0
280.0
280.0
280.0
196.0
16.8
58.8
280.0
280.0
28.0
25.2
204.4
86.8
280.0
280.0
11.2
280.0
16.8
120.4
11.2
11.2
280.0
280.0
75.6
22.4
193.2
89.6
280.0
280.0
280.0
280.0
280.0
280.0
14.0
28.0
280.0
176.4
280.0
280.0
280.0
280.0
8.4
2.8
61.6
8.4
280.0
56.0
280.0
280.0
5.6
280.0
280.0
280.0
280.0
120.4
280.0
78.4
28.0
128.8
280.0
58.8
14.0
224.0
280.0
280.0
280.0
100.8
95.2
14.0
36.4
280.0
280.0
280.0
5.6
56.0
280.0
89.6
81.2
19.6
280.0
280.0
280.0
280.0
2.8
280.0
280.0
280.0
280.0
280.0
280.0
2.8
280.0
156.8
280.0
280.0
280.0
226.8
25.2
47.6
280.0
25.2
100.8
280.0
19.6
16.8
280.0
280.0
19.6
280.0
280.0
30.8
280.0
280.0
280.0
280.0
67.2
25.2
128.8
280.0
33.6
280.0
67.2
240.8
36.4
137.2
229.6
204.4
56.0
280.0
280.0
92.4
2.8
61.6
280.0
280.0
11.2
280.0
280.0
280.0
280.0
280.0
56.0
128.8
280.0
280.0
280.0
72.8
280.0
280.0
280.0
280.0
36.4
280.0
280.0
280.0
53.2
280.0
61.6
14.0
123.2
33.6
148.4
42.0
280.0
187.6
25.2
50.4
123.2
148.4
280.0
33.6
280.0
280.0
280.0
25.2
53.2
5.6
100.8
280.0
11.2
25.2
36.4
280.0
204.4
280.0
280.0
184.8
19.6
280.0
42.0
238.0
50.4
280.0
280.0
89.6
280.0
106.4
280.0
5.6
126.0
280.0
280.0
179.2
173.6
280.0
280.0
280.0
280.0
280.0
16.8
280.0
221.2
84.0
19.6
243.6
11.2
72.8
2.8
280.0
280.0
25.2
75.6
123.2
224.0
140.0
280.0
280.0
8.4
11.2
196.0
56.0
280.0
280.0
78.4
280.0
58.8
72.8
280.0
280.0
280.0
280.0
280.0
28.0
280.0
280.0
280.0
280.0
5.6
280.0
123.2
159.6
280.0
42.0
159.6
78.4
280.0
240.8
204.4
162.4
58.8
201.6
232.4
280.0
280.0
148.4
280.0
5.6
84.0
280.0
280.0
280.0
280.0
215.6
280.0
280.0
2.8
280.0
86.8
280.0
14.0
30.8
280.0
280.0
154.0
2.8
16.8
280.0
280.0
280.0
280.0
280.0
11.2
280.0
280.0
198.8
39.2
280.0
28.0
61.6
280.0
280.0
159.6
280.0
280.0
162.4
2.8
280.0
280.0
280.0
165.2
168.0
280.0
280.0
109.2
280.0
280.0
280.0
280.0
120.4
280.0
36.4
280.0
280.0
70.0
280.0
67.2
235.2
280.0
151.2
280.0
280.0
89.6
280.0
280.0
280.0
280.0
67.2
280.0
204.4
280.0
28.0
137.2
72.8
75.6
280.0
280.0
75.6
280.0
280.0
280.0
280.0
207.2
280.0
280.0
75.6
50.4
280.0
280.0
280.0
280.0
67.2
240.8
280.0
126.0
280.0
280.0
280.0
210.0
280.0
58.8
280.0
33.6
280.0
280.0
14.0
280.0
2.8
67.2
249.2
280.0
145.6
280.0
280.0
280.0
280.0
207.2
72.8
36.4
112.0
28.0
159.6
221.2
280.0
19.6
280.0
280.0
280.0
100.8
280.0
280.0
280.0
280.0
2.8
280.0
280.0
280.0
128.8
280.0
193.2
263.2
280.0
280.0
44.8
123.2
280.0
280.0
47.6
280.0
280.0
280.0
280.0
280.0
67.2
5.6
280.0
280.0
16.8
92.4
162.4
126.0
16.8
280.0
280.0
78.4
173.6
280.0
280.0
280.0
72.8
204.4
280.0
280.0
280.0
14.0
131.6
280.0
280.0
25.2
280.0
280.0
36.4
280.0
280.0
280.0
103.6
2.8
280.0
280.0
280.0
280.0
280.0
280.0
11.2
280.0
5.6
2.8
280.0
2.8
280.0
117.6
16.8
280.0
33.6
165.2
2.8
47.6
280.0
280.0
280.0
2.8
22.4
131.6
280.0
280.0
2.8
28.0
120.4
280.0
75.6
193.2
11.2
53.2
280.0
22.4
280.0
280.0
14.0
280.0
72.8
280.0
8.4
8.4
280.0
280.0
19.6
280.0
56.0
280.0
280.0
151.2
280.0
8.4
280.0
280.0
14.0
280.0
148.4
280.0
100.8
112.0
280.0
280.0
106.4
280.0
280.0
280.0
89.6
280.0
173.6
201.6
280.0
280.0
280.0
280.0
75.6
137.2
280.0
280.0
280.0
8.4
145.6
280.0
198.8
114.8
257.6
280.0
280.0
117.6
280.0
72.8
89.6
280.0
16.8
280.0
280.0
33.6
280.0
165.2
280.0
280.0
72.8
280.0
280.0
2.8
280.0
280.0
72.8
280.0
280.0
5.6
16.8
145.6
53.2
151.2
50.4
280.0
280.0
280.0
280.0
235.2
280.0
224.0
89.6
280.0
47.6
2.8
280.0
280.0
280.0
280.0
280.0
280.0
280.0
280.0
280.0
280.0
280.0
280.0
280.0
280.0
14.0
280.0
280.0
280.0
280.0
280.0
235.2
280.0
2.8
33.6
280.0
120.4
280.0
280.0
280.0
280.0
179.2
280.0
53.2
280.0
280.0
280.0
280.0
280.0
280.0
280.0
109.2
280.0
280.0
176.4
61.6
151.2
280.0
28.0
123.2
280.0
170.8
126.0
280.0
280.0
280.0
235.2
280.0
25.2
120.4
42.0
25.2
280.0
11.2
280.0
2.8
280.0
280.0
280.0
44.8
140.0
280.0
280.0
16.8
280.0
103.6
280.0
100.8
280.0
280.0
280.0
159.6
98.0
109.2
280.0
196.0
280.0
280.0
16.8
280.0
215.6
42.0
86.8
280.0
280.0
123.2
280.0
280.0
16.8
25.2
280.0
159.6
36.4
280.0
162.4
280.0
187.6
280.0
280.0
280.0
280.0
280.0
280.0
280.0
280.0
14.0
280.0
280.0
64.4
117.6
98.0
117.6
173.6
280.0
53.2
280.0
280.0
280.0
280.0
280.0
39.2
280.0
42.0
280.0
280.0
280.0
280.0
280.0
280.0
280.0
36.4
25.2
280.0
280.0
126.0
30.8
280.0
100.8
2.8
280.0
280.0
280.0
280.0
280.0
280.0
280.0
280.0
212.8
5.6
280.0
22.4
184.8
109.2
210.0
280.0
280.0
280.0
128.8
280.0
280.0
280.0
30.8
280.0
280.0
280.0
42.0
58.8
2.8
64.4
280.0
5.6
280.0
232.4
280.0
280.0
280.0
240.8
14.0
198.8
238.0
280.0
280.0
280.0
201.6
72.8
224.0
30.8
280.0
140.0
14.0
201.6
280.0
103.6
89.6
280.0
280.0
280.0
215.6
280.0
280.0
280.0
280.0
170.8
47.6
86.8
156.8
280.0
280.0
280.0
11.2
64.4
92.4
182.0
98.0
280.0
280.0
11.2
280.0
280.0
187.6
232.4
280.0
280.0
280.0
280.0
280.0
280.0
280.0
280.0
280.0
36.4
280.0
11.2
280.0
123.2
16.8
280.0
280.0
280.0
280.0
280.0
280.0
280.0
61.6
280.0
218.4
280.0
280.0
280.0
280.0
168.0
280.0
280.0
142.8
280.0
280.0
280.0
280.0
100.8
280.0
280.0
131.6
193.2
280.0
280.0
198.8
280.0
280.0
280.0
280.0
280.0
98.0
30.8
280.0
280.0
145.6
226.8
280.0
33.6
280.0
280.0
280.0
280.0
140.0
280.0
280.0
148.4
156.8
30.8
280.0
44.8
280.0
16.8
280.0
134.4
280.0
280.0
280.0
280.0
280.0
92.4
78.4
120.4
280.0
280.0
33.6
280.0
280.0
280.0
123.2
280.0
280.0
280.0
16.8
280.0
280.0
280.0
280.0
280.0
280.0
280.0
280.0
280.0
14.0
280.0
42.0
56.0
64.4
280.0
280.0
2.8
280.0
39.2
120.4
280.0
280.0
224.0
280.0
47.6
280.0
280.0
72.8
280.0
226.8
14.0
19.6
280.0
280.0
280.0
280.0
280.0
8.4
280.0
2.8
81.2
112.0
280.0
198.8
280.0
280.0
30.8
280.0
280.0
22.4
280.0
280.0
280.0
280.0
47.6
67.2
114.8
280.0
280.0
95.2
2.8
280.0
280.0
280.0
67.2
280.0
201.6
243.6
280.0
165.2
280.0
61.6
33.6
280.0
280.0
280.0
238.0
173.6
280.0
53.2
142.8
280.0
280.0
173.6
280.0
280.0
128.8
280.0
280.0
280.0
8.4
280.0
280.0
254.8
280.0
89.6
280.0
100.8
280.0
280.0
280.0
280.0
280.0
280.0
280.0
280.0
128.8
280.0
142.8
224.0
112.0
280.0
196.0
280.0
58.8
159.6
280.0
207.2
280.0
280.0
86.8
280.0
165.2
207.2
280.0
280.0
280.0
5.6
280.0
280.0
280.0
280.0
280.0
56.0
