1
5
3
10
14
69
2
33
7
14
7
98
5
4
98
53
2
19
30
2
16
98
20
40
11
8
20
6
2
6
98
7
4
59
5
98
3
35
20
62
5
4
6
13
9
2
37
2
98
5
21
5
3
2
23
3
98
2
1
4
7
9
5
4
36
5
1
4
3
28
11
7
15
6
70
21
11
37
20
7
10
2
98
36
37
2
31
3
7
19
2
98
27
1
4
42
72
7
21
1
5
11
29
19
11
3
2
20
6
13
5
14
1
1
10
8
3
22
9
13
4
6
5
1
7
2
12
27
13
4
9
98
9
47
6
44
2
9
76
64
66
3
4
4
2
12
84
10
88
82
5
4
2
96
4
1
7
4
2
28
7
98
4
5
2
2
26
14
9
9
98
3
5
10
4
5
98
11
16
46
13
21
2
21
5
5
4
96
26
98
13
8
3
3
12
4
1
3
8
7
10
18
18
1
18
10
98
1
1
21
2
57
98
45
2
13
75
5
33
4
15
98
10
7
8
47
2
2
2
4
29
2
87
1
1
7
2
12
50
10
67
4
19
5
98
5
33
8
10
4
62
84
45
98
2
35
11
6
50
1
7
9
5
19
13
4
6
11
25
1
49
8
5
24
46
8
23
8
19
9
79
75
30
3
8
13
2
7
5
6
2
11
10
1
7
6
8
71
98
41
3
5
25
3
51
16
5
29
97
4
22
24
8
98
8
20
6
19
98
20
7
24
6
1
25
1
1
27
13
19
1
25
17
22
14
13
3
10
6
63
1
4
59
4
7
6
4
20
42
15
98
5
20
36
23
8
13
98
98
14
30
1
7
98
11
6
2
19
11
24
13
8
2
98
98
5
15
8
1
4
32
25
98
6
8
7
7
0
7
3
35
13
27
84
8
2
2
3
1
98
11
78
10
11
3
39
3
14
8
5
2
17
3
8
3
98
1
4
13
8
2
11
1
4
4
18
26
46
3
5
30
