0.35
140.0
10.15
19.95
7.35
73.15
1.75
4.55
4.55
14.35
7.35
14.35
14.35
140.0
10.15
14.35
5.95
140.0
109.55
3.15
7.35
17.15
4.55
140.0
84.35
10.15
7.35
21.35
8.75
11.55
8.75
1.75
24.15
31.15
24.15
5.95
56.35
43.75
94.15
88.55
4.55
140.0
10.15
130.55
24.15
18.55
5.95
7.35
52.15
46.55
42.35
140.0
8.75
11.55
140.0
18.55
140.0
140.0
42.35
35.35
50.75
61.95
74.55
12.95
140.0
12.95
140.0
21.35
7.35
21.35
25.55
8.75
18.55
5.95
96.95
140.0
22.75
5.95
89.95
15.75
25.55
39.55
88.55
140.0
68.95
140.0
140.0
140.0
105.35
19.95
5.95
0.35
18.55
8.75
140.0
4.55
4.55
12.95
140.0
109.55
5.95
36.75
8.75
8.75
4.55
3.15
35.35
7.35
7.35
14.35
17.15
3.15
19.95
29.75
10.15
18.55
112.35
46.55
10.15
3.15
4.55
140.0
140.0
24.15
25.55
32.55
116.55
140.0
140.0
54.95
12.95
0.35
140.0
57.75
140.0
96.95
10.15
4.55
26.95
11.55
14.35
26.95
7.35
11.55
4.55
140.0
10.15
10.15
3.15
8.75
14.35
8.75
140.0
35.35
140.0
3.15
140.0
1.75
140.0
18.55
7.35
11.55
140.0
140.0
140.0
116.55
0.35
31.15
10.15
140.0
19.95
22.75
4.55
140.0
1.75
74.55
1.75
43.75
19.95
140.0
32.55
3.15
28.35
36.75
14.35
26.95
140.0
43.75
10.15
35.35
4.55
21.35
54.95
18.55
22.75
70.35
12.95
140.0
31.15
140.0
38.15
31.15
140.0
60.55
140.0
17.15
57.75
7.35
96.95
11.55
96.95
140.0
1.75
10.15
82.95
140.0
26.95
140.0
140.0
87.15
4.2
140.0
140.0
2.8
79.8
2.8
1.4
14.0
54.6
35.0
16.8
140.0
26.6
5.6
68.6
140.0
5.6
51.8
1.4
16.8
12.6
25.2
1.4
2.8
120.4
2.8
79.8
18.2
4.2
8.4
9.8
15.4
1.4
46.2
36.4
11.2
72.8
140.0
30.8
8.4
32.2
15.4
5.6
23.8
4.2
1.4
2.8
5.6
140.0
140.0
8.4
140.0
5.6
7.0
8.4
4.2
50.4
2.8
4.2
16.8
140.0
5.6
2.8
91.0
2.8
16.8
11.2
5.6
140.0
11.2
1.4
140.0
100.8
15.4
140.0
7.0
140.0
140.0
18.2
22.4
25.2
140.0
7.0
7.0
16.8
88.2
46.2
2.8
15.4
4.2
1.4
36.4
103.6
140.0
85.4
124.6
140.0
64.4
140.0
4.2
26.6
14.0
140.0
7.0
2.8
54.6
53.2
16.8
50.4
140.0
140.0
35.0
4.2
11.2
15.4
4.2
11.2
12.6
140.0
9.8
9.8
26.6
2.8
26.6
140.0
22.4
140.0
140.0
8.4
56.0
29.4
19.6
1.4
15.4
140.0
5.6
61.6
14.0
21.0
110.6
140.0
103.6
19.6
15.4
5.6
11.2
14.0
12.6
60.2
15.4
22.4
5.6
8.4
7.0
4.2
18.2
12.6
26.6
28.0
79.8
7.0
22.4
5.6
7.0
28.0
106.4
8.4
5.6
11.2
4.2
22.4
2.8
140.0
23.8
11.2
19.6
12.6
140.0
29.4
140.0
9.8
7.0
2.8
2.8
71.4
1.4
14.0
7.0
116.2
9.8
9.8
8.4
21.0
140.0
22.4
140.0
5.6
1.4
16.8
8.4
8.4
18.2
88.2
15.4
91.0
103.6
12.6
116.2
40.6
4.2
5.6
33.6
7.0
15.4
26.6
8.4
14.0
140.0
140.0
16.8
22.4
7.0
50.4
8.4
40.6
29.4
12.6
2.8
1.4
29.4
7.0
7.0
8.4
19.6
8.4
140.0
33.6
4.2
140.0
30.8
7.0
46.2
119.0
28.0
7.0
12.6
140.0
140.0
4.2
140.0
140.0
25.2
140.0
11.2
25.2
140.0
140.0
2.8
23.8
22.4
8.4
7.0
49.0
2.8
14.0
19.6
9.8
4.2
9.8
16.8
1.4
5.6
51.8
140.0
7.0
4.2
26.6
57.4
60.2
4.2
21.0
8.4
58.8
8.4
1.4
15.4
91.0
2.8
21.0
25.2
26.6
140.0
140.0
18.2
78.4
19.6
105.0
1.4
140.0
11.2
15.4
33.6
12.6
2.8
140.0
89.6
47.6
67.2
15.4
11.2
2.8
21.0
4.2
5.6
39.2
117.6
140.0
5.6
37.8
12.6
53.2
19.6
14.0
8.4
46.2
140.0
43.4
14.0
42.0
5.6
140.0
140.0
7.0
19.6
15.4
71.4
23.8
68.6
78.4
140.0
140.0
4.2
12.6
18.2
37.8
5.6
11.2
19.6
4.2
28.0
22.4
42.0
47.6
71.4
14.0
64.4
140.0
30.8
4.2
61.6
140.0
140.0
140.0
42.0
140.0
14.0
2.8
63.0
36.4
4.2
12.6
96.6
140.0
96.6
2.8
140.0
22.4
30.8
21.0
140.0
7.0
8.4
2.8
9.8
8.4
8.4
44.8
11.2
61.6
140.0
140.0
7.0
14.0
30.8
8.4
39.2
18.2
103.6
16.8
8.4
140.0
140.0
5.6
65.8
89.6
140.0
140.0
15.4
4.2
7.0
1.4
81.2
23.8
140.0
68.6
140.0
140.0
8.4
140.0
25.2
14.0
2.8
140.0
8.4
7.0
11.2
37.8
9.8
140.0
117.6
7.0
9.8
7.0
16.8
39.2
15.4
8.4
68.6
11.2
28.0
28.0
8.4
16.8
18.2
4.2
54.6
30.8
85.4
5.6
8.4
5.6
29.4
140.0
71.4
109.2
5.6
140.0
67.2
15.4
140.0
93.8
140.0
140.0
8.4
140.0
32.2
11.2
58.8
140.0
32.2
16.8
12.6
44.8
78.4
9.8
7.0
16.8
14.0
7.0
140.0
140.0
0.35
21.35
5.95
140.0
22.75
18.55
77.35
10.15
11.55
15.75
12.95
0.35
14.35
31.15
15.75
1.75
98.35
140.0
14.35
11.55
140.0
140.0
12.95
14.35
14.35
4.55
74.55
11.55
21.35
22.75
140.0
98.35
140.0
10.15
39.55
74.55
10.15
47.95
25.55
140.0
140.0
1.75
4.55
1.75
81.55
45.15
140.0
8.75
24.15
14.35
140.0
94.15
7.35
49.35
140.0
140.0
8.75
33.95
4.55
10.15
140.0
56.35
4.55
0.35
12.95
103.95
38.15
12.95
3.15
5.95
3.15
11.55
43.75
1.75
140.0
140.0
96.95
84.35
38.15
36.75
10.15
140.0
50.75
4.55
12.95
25.55
140.0
39.55
70.35
8.75
82.95
11.55
22.75
8.75
5.95
5.95
11.55
33.95
35.35
140.0
67.55
140.0
140.0
14.35
60.55
43.75
80.15
140.0
87.15
50.75
10.15
140.0
64.75
140.0
103.95
31.15
46.55
43.75
88.55
140.0
46.55
17.15
25.55
7.35
18.55
19.95
5.95
140.0
1.75
0.35
3.15
140.0
25.55
3.15
29.75
140.0
42.35
19.95
63.35
1.75
35.35
17.15
57.75
140.0
129.15
19.95
28.35
8.75
45.15
74.55
5.95
1.75
17.15
52.15
29.75
5.95
3.15
4.55
22.75
4.55
1.75
140.0
11.55
4.55
4.55
140.0
3.15
3.15
25.55
28.35
12.95
5.95
140.0
28.35
12.95
140.0
89.95
1.75
4.55
18.55
19.95
26.95
4.55
22.75
11.55
38.15
7.35
94.15
96.95
140.0
14.35
68.95
18.55
4.55
25.55
3.15
67.55
8.75
140.0
11.55
8.75
5.95
74.55
105.35
5.95
4.55
78.75
4.55
140.0
5.95
31.15
0.35
33.95
14.35
12.95
12.95
140.0
24.15
12.95
12.95
33.95
31.15
112.35
50.75
31.15
7.35
21.35
10.15
127.75
8.75
5.95
140.0
31.15
8.75
49.35
17.15
106.75
80.15
29.75
85.75
18.55
35.35
38.15
140.0
140.0
14.35
22.75
50.75
120.75
11.55
21.35
4.55
91.35
140.0
7.35
5.95
28.35
5.95
15.75
15.75
94.15
10.15
17.15
14.35
32.55
81.55
18.55
64.75
14.35
11.55
140.0
11.55
8.75
21.35
140.0
25.55
22.75
140.0
17.15
14.35
112.35
29.75
61.95
14.35
8.75
11.55
24.15
39.55
71.75
28.35
35.35
45.15
19.95
40.95
36.75
15.75
4.55
49.35
11.55
15.75
38.15
140.0
59.15
85.75
8.75
98.35
26.95
21.35
140.0
10.15
19.95
120.75
22.75
19.95
39.55
21.35
88.55
12.95
28.35
140.0
17.15
140.0
73.15
68.95
140.0
96.95
4.55
43.75
49.35
29.75
140.0
10.15
11.55
101.15
17.15
31.15
25.55
98.35
18.55
18.55
8.75
19.95
140.0
7.35
21.35
5.95
7.35
140.0
11.55
67.55
25.55
15.75
140.0
140.0
25.55
22.75
10.15
18.55
70.35
38.15
140.0
10.15
25.55
22.75
10.15
5.95
10.15
140.0
140.0
17.15
49.35
8.75
140.0
25.55
5.95
140.0
21.35
42.35
112.35
64.75
88.55
140.0
81.55
5.95
106.75
14.35
140.0
19.95
67.55
0.35
11.55
3.15
7.35
7.35
3.15
7.35
22.75
140.0
140.0
101.15
24.15
18.55
66.15
11.55
59.15
81.55
12.95
105.35
5.95
10.15
140.0
4.55
15.75
43.75
24.15
59.15
4.55
129.15
50.75
12.95
19.95
49.35
7.35
5.95
140.0
21.35
7.35
11.55
17.15
3.15
10.15
54.95
4.55
7.35
7.35
67.55
29.75
46.55
140.0
35.35
5.95
32.55
4.55
1.75
140.0
8.75
17.15
7.35
140.0
140.0
21.35
53.55
49.35
74.55
7.35
21.35
25.55
12.95
7.35
8.75
10.15
22.75
22.75
5.95
1.75
25.55
64.75
25.55
12.95
140.0
29.75
17.15
56.35
10.15
140.0
140.0
11.55
21.35
8.75
19.95
4.55
18.55
11.55
71.75
54.95
53.55
43.75
25.55
14.35
38.15
36.75
95.55
25.55
11.55
140.0
4.55
18.55
5.95
140.0
10.15
10.15
140.0
112.35
31.15
81.55
49.35
21.35
3.15
8.75
140.0
47.95
49.35
21.35
3.15
7.35
92.75
14.35
14.35
18.55
7.35
3.15
140.0
140.0
3.15
56.35
36.75
4.55
33.95
140.0
31.15
140.0
59.15
32.55
15.75
140.0
45.15
140.0
18.55
10.15
25.55
7.35
33.95
3.15
140.0
98.35
92.75
39.55
25.55
140.0
140.0
15.75
12.95
140.0
8.75
92.75
8.75
21.35
29.75
11.55
38.15
35.35
5.95
18.55
39.55
67.55
52.15
140.0
11.55
10.15
14.35
19.95
140.0
4.55
15.75
29.75
92.75
140.0
31.15
10.15
140.0
38.15
32.55
49.35
29.75
140.0
35.35
8.75
113.75
25.55
140.0
17.15
54.95
140.0
11.55
54.95
21.35
17.15
22.75
10.15
53.55
43.75
8.75
14.35
140.0
19.95
140.0
19.95
31.15
140.0
14.35
77.35
140.0
3.15
64.75
5.95
10.15
12.95
140.0
140.0
140.0
38.15
140.0
108.15
50.75
0.35
140.0
24.15
11.55
64.75
140.0
24.15
140.0
7.35
4.55
1.75
52.15
50.75
4.55
95.55
1.75
140.0
10.15
49.35
7.35
47.95
0.35
8.05
140.0
50.05
140.0
20.65
24.85
13.65
31.85
24.85
140.0
20.65
2.45
30.45
61.25
10.85
8.05
140.0
23.45
26.25
140.0
24.85
2.45
3.85
17.85
140.0
96.25
122.85
61.25
140.0
113.05
140.0
17.85
36.05
71.05
69.65
92.05
33.25
69.65
23.45
6.65
34.65
78.05
125.65
10.85
89.25
16.45
101.85
26.25
36.05
6.65
115.85
140.0
140.0
6.65
121.45
72.45
2.45
140.0
38.85
100.45
83.65
59.85
122.85
100.45
5.25
13.65
22.05
10.85
26.25
13.65
27.65
127.05
41.65
41.65
140.0
50.05
29.05
8.05
31.85
140.0
20.65
140.0
93.45
6.65
140.0
30.45
12.25
9.45
140.0
140.0
26.25
22.05
92.05
27.65
140.0
19.25
34.65
29.05
140.0
5.25
115.85
8.05
140.0
19.25
5.25
26.25
44.45
118.65
99.05
6.65
3.85
30.45
140.0
8.05
43.05
38.85
140.0
16.45
50.05
12.25
140.0
12.25
3.85
140.0
31.85
27.65
73.85
12.25
90.65
12.25
15.05
140.0
12.25
36.05
29.05
9.45
140.0
90.65
99.05
10.85
8.05
37.45
44.45
40.25
19.25
73.85
140.0
6.65
140.0
29.05
72.45
22.05
66.85
12.25
13.65
24.85
17.85
10.85
34.65
140.0
23.45
45.85
45.85
1.05
9.45
90.65
17.85
50.05
66.85
48.65
5.25
16.45
140.0
29.05
50.05
1.05
83.65
140.0
140.0
22.05
50.05
12.25
15.05
20.65
58.45
140.0
17.85
24.85
140.0
12.25
2.45
1.05
15.05
38.85
140.0
40.25
140.0
50.05
10.85
13.65
15.05
36.05
17.85
140.0
19.25
140.0
9.45
22.05
140.0
13.65
140.0
6.65
140.0
47.25
48.65
10.85
17.85
140.0
100.45
140.0
37.45
47.25
140.0
69.65
64.05
30.45
140.0
140.0
45.85
140.0
48.65
27.65
37.45
22.05
45.85
33.25
140.0
27.65
29.05
20.65
13.65
9.45
51.45
140.0
38.85
41.65
6.65
55.65
10.85
31.85
140.0
45.85
140.0
36.05
73.85
34.65
121.45
12.25
93.45
40.25
17.85
140.0
140.0
3.85
140.0
24.85
9.45
23.45
140.0
17.85
45.85
113.05
34.65
6.65
27.65
140.0
140.0
10.85
140.0
15.05
140.0
40.25
66.85
16.45
48.65
15.05
17.85
34.65
85.05
13.65
140.0
40.25
9.45
140.0
30.45
12.25
19.25
13.65
9.45
27.65
27.65
59.85
140.0
140.0
140.0
50.05
140.0
12.25
51.45
33.25
69.65
26.25
43.05
10.85
16.45
12.25
58.45
140.0
26.25
24.85
24.85
140.0
16.45
19.25
33.25
140.0
15.05
140.0
17.85
75.25
62.65
10.85
108.85
140.0
38.85
6.65
16.45
15.05
26.25
8.05
140.0
118.65
23.45
10.85
20.65
90.65
10.85
10.85
140.0
80.85
140.0
64.05
140.0
15.05
117.25
