5
12
15
10
5
2
20
12
6
9
34
28
10
20
184
6
3
64
18
3
22
184
53
184
78
5
51
16
126
184
36
51
184
24
12
1
4
2
7
6
18
9
5
38
11
9
29
11
10
8
103
4
35
5
19
184
18
184
7
184
6
32
20
17
8
12
18
14
1
10
8
19
1
2
117
3
27
1
184
51
6
8
29
1
51
70
7
9
25
137
16
184
4
6
14
32
77
99
47
3
13
28
11
14
14
50
52
184
14
21
25
8
4
10
83
18
5
100
12
19
6
24
38
0
184
14
5
10
4
16
5
177
184
17
17
6
70
29
184
184
5
10
184
20
184
184
3
23
34
8
3
64
2
184
9
136
45
38
50
24
88
1
25
184
8
3
49
3
103
184
57
18
8
10
94
14
10
49
39
184
184
184
3
53
22
7
44
3
184
18
63
23
1
8
23
6
20
20
97
59
7
12
15
9
14
107
59
184
2
17
184
184
17
22
63
3
62
31
85
8
96
21
9
11
4
10
116
10
184
35
1
13
6
105
3
5
184
21
184
10
8
12
10
15
18
30
15
2
5
24
4
38
55
111
53
3
106
9
87
36
10
18
109
35
184
184
3
184
13
103
20
5
66
6
63
7
2
184
7
60
4
73
12
2
2
70
119
184
9
35
11
184
24
32
33
34
57
184
6
8
4
1
19
19
20
11
43
183
3
7
14
3
35
9
30
88
184
14
13
8
11
88
90
8
6
34
17
8
12
10
56
3
52
14
184
9
61
13
7
9
25
184
9
184
52
38
28
15
19
114
97
21
119
4
7
184
184
184
58
19
22
1
20
5
8
6
142
11
184
184
10
8
109
22
42
26
132
23
19
17
26
6
168
37
15
12
2
50
8
10
19
20
63
184
184
25
15
184
9
7
4
184
60
19
47
11
12
104
14
55
44
11
38
184
26
9
21
36
18
23
184
5
8
72
2
51
184
15
26
25
3
31
33
46
11
28
122
10
10
2
89
8
158
29
19
41
74
25
2
41
6
2
37
11
32
16
25
20
32
56
16
184
63
8
21
5
9
18
39
75
32
15
6
7
184
23
184
58
31
4
19
39
19
37
52
184
18
10
24
19
32
184
5
14
6
71
67
12
28
41
33
4
68
184
72
15
98
5
64
31
42
18
4
5
6
22
25
14
25
27
78
7
19
16
7
184
45
3
65
17
29
15
3
6
3
39
10
31
4
14
87
94
10
184
9
71
184
107
73
36
44
4
28
30
45
47
11
32
20
6
15
1
18
11
10
12
73
10
82
6
61
51
33
140
39
5
9
7
24
6
58
184
8
12
137
174
75
46
57
1
64
7
184
33
18
23
6
59
16
11
140
14
69
7
94
28
4
28
19
184
11
184
184
50
5
18
25
39
35
60
29
29
12
42
24
64
29
179
7
67
29
13
96
42
19
62
10
28
40
27
10
64
16
24
59
11
15
40
184
184
58
48
6
184
20
19
2
17
11
97
8
25
13
22
184
79
11
8
2
14
14
13
103
10
24
33
30
22
4
17
184
23
9
12
32
54
10
184
46
2
9
52
4
28
184
184
23
14
14
10
17
37
18
21
184
2
102
4
17
184
4
79
6
29
59
22
16
37
23
184
30
21
4
6
38
28
23
148
8
34
83
36
20
184
41
6
48
9
9
10
3
184
27
184
46
12
7
8
36
24
95
16
72
45
11
5
6
78
50
19
22
52
34
26
184
152
6
69
21
19
3
24
57
34
91
10
90
14
184
184
96
14
10
184
26
64
16
10
184
60
8
146
6
4
22
10
31
72
8
184
35
22
16
145
94
26
10
26
153
184
9
89
184
184
22
3
64
64
184
184
184
5
22
8
13
12
5
184
5
23
9
26
7
12
184
184
34
15
4
10
38
184
184
136
18
19
184
34
97
184
57
6
89
15
71
6
23
19
6
17
184
58
44
10
7
47
3
21
26
80
7
34
15
82
9
184
16
93
26
53
51
28
7
25
6
3
64
106
30
184
184
18
24
7
11
36
68
59
30
72
128
21
39
184
14
18
39
7
20
36
13
19
3
4
81
74
184
19
8
7
23
16
46
20
14
184
13
17
4
98
35
36
7
17
49
84
7
11
3
12
6
20
18
19
20
95
25
184
14
12
42
10
184
55
8
161
57
184
8
184
20
184
27
88
10
36
2
40
2
41
184
184
22
39
135
22
89
12
11
42
184
34
184
21
69
10
16
9
20
24
184
184
12
1
184
52
47
184
19
141
184
14
115
10
22
60
8
36
33
14
41
4
32
31
24
184
153
10
7
40
184
7
184
33
51
184
4
12
44
25
28
30
23
184
179
32
184
78
67
29
5
7
18
184
14
184
81
20
28
184
184
184
17
5
50
184
10
77
3
134
5
137
184
53
14
100
66
102
4
40
184
2
184
38
71
184
39
9
38
18
28
54
41
22
34
14
3
48
12
129
13
184
46
38
11
26
10
66
10
74
175
41
27
72
51
22
54
146
9
184
14
184
81
5
26
16
136
67
42
18
10
26
15
18
18
10
23
7
1
28
184
19
11
184
184
7
17
49
40
39
22
184
184
23
50
84
8
9
17
26
6
62
6
38
12
4
34
29
7
16
78
36
184
184
57
52
2
93
31
184
17
184
15
68
184
25
85
8
17
21
29
42
20
127
184
25
184
63
12
26
32
181
7
8
184
23
63
34
72
27
33
184
86
184
7
88
7
43
23
184
15
10
10
53
16
6
24
184
36
45
12
50
5
35
38
4
12
184
44
60
14
12
31
49
34
85
184
5
184
11
10
86
14
9
26
8
16
3
106
83
184
13
184
184
41
2
10
10
16
38
37
12
27
43
184
31
184
4
61
24
37
28
25
37
23
60
184
6
54
184
34
14
10
184
184
10
15
20
9
21
52
16
5
184
67
39
180
41
27
35
16
20
14
32
32
48
116
40
5
69
31
13
31
7
160
30
184
6
132
39
184
81
35
32
11
3
184
46
54
184
24
37
14
100
17
14
30
7
44
28
27
5
36
18
18
24
136
184
25
6
2
34
6
184
28
26
149
79
11
33
33
184
184
184
184
26
3
13
52
46
66
24
184
14
40
2
15
18
48
26
16
65
13
184
25
5
9
99
39
36
59
17
13
34
12
30
22
10
25
104
39
184
5
184
184
94
47
40
66
10
26
113
184
13
11
7
184
94
15
30
5
48
32
11
29
26
184
70
7
36
11
20
184
184
66
38
49
184
149
58
159
3
97
35
39
28
17
66
30
5
9
13
8
13
51
37
38
161
184
184
3
31
25
104
16
184
51
48
16
14
60
58
2
19
26
2
66
13
52
38
18
118
22
37
93
23
48
184
26
53
45
28
166
6
40
184
20
11
24
184
8
68
67
184
12
99
184
10
26
10
4
20
16
52
27
159
184
184
184
68
11
86
80
13
96
38
72
23
184
83
72
13
80
100
150
24
68
184
63
70
181
83
184
47
20
21
8
21
8
7
10
184
184
23
184
105
8
14
13
20
4
97
20
81
50
184
10
13
10
42
32
12
95
34
8
69
14
44
61
184
141
184
10
75
44
14
184
76
20
110
184
184
53
72
22
8
14
7
16
78
19
10
7
108
41
184
20
184
20
32
17
22
182
78
40
11
16
163
40
12
37
41
22
4
184
26
6
5
52
59
28
22
4
6
184
8
65
4
184
45
11
27
9
10
26
59
4
41
67
10
9
5
9
184
8
9
65
184
184
3
22
29
2
6
56
89
184
21
184
3
17
10
60
3
184
34
184
16
84
31
41
4
28
52
50
75
8
51
100
5
38
65
30
184
36
35
50
7
14
18
184
15
5
127
38
27
29
184
31
184
7
27
94
36
5
92
6
172
32
36
109
37
9
184
80
5
46
58
6
4
20
184
22
184
76
11
11
19
10
21
33
14
19
8
4
17
184
109
78
14
184
10
6
47
14
12
15
7
15
16
184
91
20
17
12
33
22
142
10
18
184
7
37
12
14
90
13
62
20
9
14
45
16
184
18
19
78
13
44
18
184
9
9
184
184
11
131
184
32
59
4
24
9
134
15
184
10
1
135
10
55
184
13
24
30
184
184
12
25
19
184
8
5
7
20
74
47
70
184
184
6
34
100
158
7
15
184
12
12
184
184
41
27
29
120
36
19
10
184
101
31
74
184
13
18
184
184
44
18
58
184
69
52
26
184
8
84
40
55
3
117
182
184
184
13
4
49
96
11
78
144
44
22
59
41
184
184
12
184
8
41
29
34
184
10
13
27
30
42
44
23
184
184
104
184
119
9
66
101
9
27
48
11
63
100
29
97
16
11
184
80
10
9
62
11
28
39
12
117
45
184
39
106
27
8
184
39
34
184
8
5
106
30
10
184
21
175
184
29
18
29
19
118
23
14
37
62
91
94
184
21
21
6
11
7
13
7
37
27
184
184
3
42
32
4
141
10
24
27
24
16
2
20
23
10
4
14
7
63
10
33
43
8
18
17
184
184
64
184
24
34
6
70
102
40
184
20
184
67
8
73
4
125
21
68
11
82
11
16
13
13
184
32
4
78
20
11
184
23
101
13
13
41
16
42
30
64
184
184
16
184
5
2
7
28
38
12
4
12
10
184
19
45
23
184
184
4
76
29
28
30
26
184
62
184
56
6
54
58
20
37
37
12
175
23
38
24
184
22
6
40
40
34
5
11
38
184
45
184
31
5
184
184
24
21
25
15
184
184
122
32
94
103
92
184
77
38
174
23
9
12
77
41
50
13
35
22
184
92
30
41
4
71
22
35
70
34
115
8
184
29
140
29
10
3
184
184
15
14
5
40
22
27
86
184
11
149
1
150
56
17
23
16
84
50
18
6
9
85
8
8
104
35
22
9
169
140
32
58
184
14
12
30
24
184
14
184
14
5
114
76
184
9
23
4
184
57
20
3
184
184
17
10
184
184
184
6
10
16
184
24
62
101
4
73
77
5
4
18
10
159
67
33
12
184
184
184
8
19
43
12
31
184
38
26
34
58
184
10
18
64
149
13
42
184
93
112
46
25
25
184
48
28
27
184
7
29
39
184
7
48
29
21
184
19
184
2
16
117
16
9
8
35
1
33
184
184
103
92
97
49
184
29
23
184
10
45
19
29
15
82
184
27
15
52
16
26
85
184
103
12
9
184
11
12
25
15
2
176
159
17
46
41
72
10
23
57
84
6
10
18
26
6
174
19
10
13
184
4
21
27
2
68
5
8
172
12
30
184
10
5
72
184
9
6
9
15
91
9
4
184
31
18
184
162
10
5
26
184
9
27
13
9
21
12
4
25
56
12
11
18
19
17
4
38
5
45
13
45
101
38
8
1
10
46
23
38
49
124
9
21
20
177
7
16
129
14
47
45
46
36
6
184
176
23
14
4
40
3
18
45
1
39
184
22
184
184
52
1
14
7
184
9
15
184
5
29
41
4
4
11
55
184
20
45
9
19
184
4
2
1
24
6
25
7
6
16
4
28
13
5
77
33
4
18
184
30
50
27
48
4
184
134
184
2
1
10
73
149
69
33
6
29
4
15
39
108
105
184
7
50
184
7
5
184
13
61
17
44
1
12
20
48
116
6
5
3
8
61
3
5
21
17
8
54
7
52
27
30
14
49
76
61
4
11
96
46
15
184
15
8
45
13
2
90
1
7
1
136
7
17
184
4
6
9
1
29
32
1
57
184
47
46
24
27
20
33
1
11
184
23
7
8
8
19
76
111
7
184
22
9
58
1
17
39
6
19
38
184
15
18
10
160
6
9
12
35
2
28
6
6
60
17
36
33
13
10
5
184
12
8
1
175
20
2
19
6
20
19
9
13
40
5
17
4
12
184
18
18
14
5
30
5
184
54
20
58
184
6
3
25
23
2
8
157
24
9
1
30
184
184
31
16
2
52
13
25
184
6
3
2
17
5
22
22
3
50
12
7
1
9
47
113
7
85
36
20
21
11
13
20
101
19
9
11
10
39
127
22
27
33
8
52
1
1
5
152
24
2
14
48
17
53
1
9
7
184
112
6
76
19
184
12
184
184
184
21
116
8
54
4
5
8
4
14
96
30
8
144
184
184
12
5
13
2
6
11
16
47
7
30
19
3
96
21
93
6
4
36
36
7
5
14
45
3
22
24
61
127
11
184
9
5
15
4
28
86
13
46
5
9
22
4
34
4
26
18
3
18
4
32
11
30
11
3
3
12
34
5
18
61
18
82
30
42
59
18
104
42
6
1
22
184
12
40
7
4
8
73
2
14
20
16
2
1
1
36
4
17
40
18
7
11
7
76
7
6
39
2
10
17
4
29
36
95
13
21
17
1
51
7
77
60
184
9
8
19
184
19
30
51
10
12
184
10
65
10
18
16
1
18
12
50
20
28
11
22
71
9
6
9
6
18
6
184
21
6
58
10
11
10
19
11
69
10
8
34
6
2
5
10
16
42
16
2
92
15
20
5
20
10
48
13
18
10
49
80
11
184
14
62
2
24
22
160
10
3
35
4
23
3
45
2
7
15
7
4
0
4
84
5
173
1
5
4
27
184
21
13
47
11
7
9
22
2
7
3
184
12
1
66
9
1
6
49
7
18
31
35
47
90
121
6
16
9
4
6
11
20
20
28
44
14
8
7
3
184
127
31
16
184
62
1
6
63
9
17
184
29
7
15
1
7
34
4
9
17
184
103
99
38
107
35
66
15
9
8
96
47
95
11
8
2
9
5
184
13
11
4
15
2
5
11
15
12
2
184
1
2
162
80
6
35
3
145
1
27
36
22
184
12
16
89
6
184
27
115
3
2
98
15
6
12
17
19
2
47
9
18
6
6
26
20
132
3
2
15
2
5
3
38
184
184
4
184
4
10
114
72
22
31
22
184
184
18
10
2
58
184
12
70
17
8
22
6
2
1
20
7
19
184
45
2
36
7
40
19
8
3
17
5
6
9
9
16
94
100
6
1
3
20
4
71
184
184
6
1
30
1
1
11
4
21
4
7
3
36
2
32
3
9
44
1
8
4
2
18
3
15
184
128
5
8
4
184
1
47
33
12
5
19
23
29
2
61
16
107
37
106
44
12
26
30
4
20
8
10
2
14
4
6
3
12
184
46
41
7
11
22
4
184
1
2
9
46
9
5
7
9
18
31
6
16
43
69
3
24
20
38
18
31
5
5
8
184
3
184
13
1
35
11
4
69
9
7
30
4
184
10
27
4
8
1
5
46
184
19
9
4
2
65
4
60
19
2
9
10
89
6
21
143
76
5
184
36
114
14
2
6
45
29
25
6
184
12
11
16
9
108
184
18
10
184
17
81
17
80
57
11
21
16
30
184
11
19
11
128
16
33
53
4
21
184
7
3
10
184
12
184
25
5
14
2
81
4
32
17
8
8
6
41
7
154
184
28
1
4
24
68
20
184
8
2
19
10
14
73
34
41
11
45
5
4
12
11
72
12
5
7
184
17
8
20
21
18
2
10
22
39
87
32
53
18
3
96
21
7
16
23
37
184
4
130
160
74
6
184
59
35
184
17
31
7
2
12
9
20
38
5
23
16
103
44
35
14
9
6
1
16
7
184
142
8
181
16
8
75
15
7
4
58
1
184
184
75
12
39
2
39
184
184
9
74
35
181
4
2
184
24
5
11
8
9
78
15
24
46
7
46
52
8
26
1
4
42
67
27
17
9
4
184
13
11
32
18
13
10
1
4
47
79
13
10
13
18
25
42
14
24
37
10
30
70
63
184
3
27
23
184
8
1
27
10
25
6
21
66
20
16
184
12
31
1
15
63
18
34
113
4
15
56
55
3
2
21
7
9
10
0
184
47
14
5
55
6
8
10
184
7
165
5
56
76
6
13
14
35
22
4
34
3
148
114
15
184
184
78
38
4
6
36
4
121
16
58
4
13
55
29
41
28
16
4
40
22
11
18
35
184
27
49
13
26
184
21
20
176
15
56
9
3
21
32
23
30
184
10
184
45
27
184
2
52
4
18
57
184
68
184
4
6
21
16
11
2
6
88
184
10
184
42
26
5
21
65
9
184
58
4
50
184
5
25
8
10
17
5
81
16
9
7
5
12
184
27
49
20
72
39
15
80
20
26
45
184
15
12
23
36
3
66
6
14
41
184
37
1
12
32
40
17
65
41
6
2
18
12
7
24
184
94
28
118
89
12
32
93
65
61
8
56
105
179
120
5
3
2
15
120
7
70
45
6
184
67
11
9
184
46
25
12
16
184
16
184
14
34
26
26
184
7
19
12
65
4
78
13
50
76
70
18
43
7
123
1
5
3
37
3
18
49
8
19
102
184
13
184
43
20
184
9
77
6
184
184
7
24
4
63
6
2
58
4
72
34
8
40
2
36
15
30
10
1
54
97
11
13
2
20
37
1
12
16
7
47
8
184
6
184
11
184
29
59
138
50
21
3
184
29
11
2
42
184
12
8
14
50
11
10
4
32
22
50
184
184
32
184
17
50
49
32
184
34
76
32
17
8
37
3
5
27
13
17
2
3
12
3
25
17
11
28
54
13
77
4
1
131
15
184
15
15
3
184
7
184
23
4
39
1
4
12
5
4
184
184
1
9
40
5
15
10
24
184
7
6
13
18
