9
40
98
98
6
48
19
9
6
71
98
20
98
38
4
98
98
98
14
28
21
16
29
9
98
30
1
6
43
9
35
29
3
11
9
98
92
52
2
13
25
27
49
74
18
22
32
16
85
14
23
12
30
10
4
1
11
10
17
98
68
70
9
75
11
76
10
23
2
13
2
34
65
4
98
25
2
55
75
16
8
3
31
26
26
23
7
27
11
30
39
98
49
98
7
22
19
31
9
4
24
27
13
50
53
72
12
98
98
9
17
8
40
17
39
78
4
94
41
98
33
65
22
84
3
98
16
7
18
98
27
98
3
67
81
39
42
2
98
98
2
44
16
52
7
31
53
29
51
70
57
2
3
63
3
22
67
7
19
53
4
33
16
55
3
17
19
21
4
57
3
19
31
71
18
11
65
12
10
3
28
18
2
17
69
9
6
20
20
98
20
46
22
78
25
36
2
68
26
27
34
4
39
9
38
76
26
98
17
19
49
69
98
22
18
24
22
19
65
34
98
7
16
22
3
33
42
16
17
66
98
22
6
98
13
11
27
98
98
98
4
61
58
47
5
80
6
86
26
98
15
91
8
98
5
16
80
27
37
58
98
6
26
19
29
26
15
98
16
39
22
24
6
10
4
3
98
59
3
98
36
98
17
62
70
85
6
34
25
33
60
97
3
67
4
15
72
73
7
70
31
98
74
9
7
13
5
1
98
98
30
17
41
2
98
7
33
19
27
12
8
98
57
23
16
28
7
20
52
8
8
8
6
28
60
6
21
15
18
30
54
28
5
2
6
25
0
98
33
6
32
14
11
31
98
18
17
12
6
9
25
16
9
40
4
98
2
20
3
17
23
13
66
19
14
12
3
98
54
98
26
11
14
57
16
31
35
16
98
72
1
22
9
16
16
2
12
30
18
24
84
46
59
26
1
62
98
6
10
98
10
14
24
7
26
98
9
19
24
2
31
60
6
2
15
21
46
7
7
31
98
17
15
98
8
9
13
18
4
98
19
5
29
33
1
98
34
6
9
17
98
98
3
19
56
2
98
98
30
43
71
98
11
14
9
7
19
19
14
5
17
36
15
9
54
20
98
16
12
3
2
98
6
35
98
4
17
16
32
19
16
28
65
23
98
98
23
7
12
39
4
3
11
28
1
22
2
4
29
30
10
11
25
35
16
2
6
8
22
5
11
42
1
4
69
4
51
98
21
43
17
65
7
37
16
5
7
52
10
13
20
8
11
14
24
98
11
8
41
27
39
41
7
10
73
98
10
87
21
13
8
62
17
10
12
33
21
11
14
20
37
92
6
13
98
72
55
15
31
35
72
13
52
14
9
8
38
8
9
6
29
38
87
23
31
3
8
9
57
14
1
1
61
6
5
25
35
31
44
98
15
26
98
52
43
63
62
25
1
71
28
98
6
18
2
31
33
4
11
3
98
1
49
28
98
22
6
98
15
40
2
27
47
15
31
21
17
68
35
30
50
98
10
10
1
50
3
15
4
6
32
61
98
98
19
11
4
16
10
46
41
93
9
98
19
33
14
46
25
58
48
66
49
5
5
9
34
75
52
3
5
20
84
98
3
34
84
5
98
22
9
8
98
10
15
27
28
98
17
12
98
11
11
27
19
6
58
57
25
11
8
10
16
15
21
98
53
10
44
29
11
39
53
3
30
18
11
5
16
42
4
11
18
5
98
35
20
98
9
21
2
41
98
86
4
31
16
50
4
7
4
11
21
22
88
42
12
98
98
13
59
9
3
24
93
37
98
21
14
98
26
2
35
98
28
91
27
15
44
3
31
98
98
98
38
13
30
7
98
1
30
26
98
42
48
9
3
10
12
3
98
2
3
12
13
14
22
17
25
98
98
8
12
23
22
25
18
98
7
18
98
9
98
2
24
98
98
1
98
44
12
14
5
40
3
15
11
2
10
2
2
7
45
98
15
44
6
49
38
52
51
5
6
3
3
62
16
28
14
13
53
11
18
15
98
3
98
83
6
2
40
2
9
9
7
5
3
32
12
3
39
5
14
20
3
2
98
3
11
3
28
3
25
9
45
7
55
50
2
5
1
8
2
29
24
45
7
10
16
15
67
85
23
20
49
55
36
98
98
3
11
4
84
14
10
17
98
26
43
2
45
2
4
17
22
18
48
3
4
52
2
7
1
16
4
33
7
12
5
2
85
25
14
8
9
10
1
7
17
9
4
11
28
1
2
5
3
98
25
4
98
52
4
22
17
4
16
49
98
16
6
60
44
17
35
13
8
42
79
2
98
73
10
16
65
9
2
69
98
97
9
2
48
77
17
7
32
1
24
23
1
66
31
22
48
2
16
7
6
33
3
6
11
4
51
17
14
11
74
26
27
1
2
98
6
1
14
23
35
50
2
4
26
29
9
11
62
5
3
31
1
20
11
9
9
9
16
5
3
15
7
7
35
3
8
62
11
1
29
5
41
4
16
13
15
98
98
61
22
12
3
53
2
15
2
35
45
29
4
17
11
4
36
27
5
5
15
10
28
98
25
19
13
11
18
11
19
29
24
44
14
6
8
29
18
15
11
18
28
6
15
10
2
2
31
98
46
3
68
37
17
9
98
83
14
24
62
27
33
29
55
13
57
14
12
98
27
2
49
26
12
98
88
71
2
3
2
7
37
38
9
8
29
11
25
12
12
3
10
58
98
56
25
40
6
14
98
39
1
4
2
2
57
5
98
31
98
2
6
71
10
28
3
98
1
27
2
4
19
12
23
54
7
34
15
21
24
46
46
44
79
3
42
2
98
40
16
10
21
19
4
3
43
24
98
9
39
98
27
6
8
52
69
85
65
98
10
98
18
33
1
6
35
23
26
8
64
58
12
35
41
6
46
5
13
12
31
20
12
86
12
15
28
34
4
98
1
23
38
98
17
28
28
5
12
5
98
3
2
43
98
98
42
4
15
18
11
8
22
2
8
18
14
19
7
1
41
98
98
19
44
3
50
13
5
32
8
4
4
6
13
62
22
6
98
98
35
1
1
27
52
54
12
4
5
11
16
49
8
3
14
25
7
98
22
17
9
5
0
1
25
9
13
2
15
9
67
26
26
65
98
7
5
11
12
23
30
5
58
12
24
30
45
98
17
33
4
24
15
57
4
9
9
7
17
8
62
98
9
10
6
20
17
98
9
4
24
6
98
98
25
8
7
21
9
98
75
21
68
31
98
1
9
6
4
5
8
9
8
22
25
7
27
17
3
32
98
9
88
4
12
19
98
5
2
17
48
9
98
26
3
1
26
2
9
15
7
11
22
1
98
13
44
96
15
43
15
20
98
3
37
15
29
32
12
26
32
4
43
45
26
98
3
17
13
35
5
24
23
4
9
15
5
24
30
49
98
0
31
11
4
6
16
98
37
7
98
66
9
15
4
73
34
7
2
11
23
12
98
8
4
6
6
98
13
98
17
11
16
98
8
98
5
10
3
55
3
43
12
17
1
21
98
86
98
11
19
63
9
6
18
7
21
19
10
10
98
7
89
20
9
98
21
16
28
6
24
4
2
11
3
26
98
6
22
11
22
2
10
82
18
98
4
6
34
5
28
98
15
2
7
14
12
2
45
14
2
21
30
14
98
15
21
54
98
98
79
2
3
18
10
81
9
6
6
6
28
6
98
2
47
2
9
21
36
98
32
1
98
7
5
98
9
17
10
98
11
98
8
17
27
2
9
98
48
22
15
41
47
38
18
30
7
9
24
16
16
33
12
8
12
29
39
12
46
7
13
98
6
2
3
98
12
27
10
12
36
7
21
39
22
24
98
4
30
5
98
21
56
27
5
3
19
98
6
30
8
3
17
45
14
22
98
12
21
53
15
0
4
13
10
16
6
0
50
12
7
2
98
7
12
1
7
17
11
16
26
24
11
2
5
6
23
90
29
31
5
4
49
47
1
31
5
15
9
39
19
6
4
22
5
5
45
8
13
93
29
98
15
34
24
3
26
5
38
33
5
98
8
12
11
40
38
7
33
23
3
11
14
4
3
8
1
25
18
11
34
17
16
31
10
6
66
2
1
14
24
12
58
20
3
5
27
29
3
39
98
23
11
7
98
4
92
80
4
3
98
9
2
4
20
8
34
24
9
33
8
5
30
9
2
18
6
16
9
9
92
19
6
21
28
54
2
16
4
9
25
43
81
1
52
3
7
6
88
26
5
27
98
4
31
16
7
21
40
7
2
6
3
4
15
9
20
11
2
14
18
98
30
31
6
7
86
47
12
21
29
2
13
42
18
2
4
44
66
98
16
89
16
2
17
5
27
98
45
9
5
4
98
8
98
44
36
30
1
18
7
1
1
5
7
98
27
6
12
14
22
69
2
31
98
27
8
13
2
3
60
11
4
7
98
13
98
39
20
8
98
45
2
98
98
