400.0
234.0
2.0
400.0
400.0
400.0
4.0
12.0
400.0
276.0
400.0
4.0
400.0
34.0
274.0
118.0
42.0
116.0
46.0
18.0
316.0
400.0
36.0
124.0
400.0
360.0
400.0
166.0
66.0
400.0
36.0
400.0
44.0
92.0
400.0
106.0
122.0
400.0
40.0
106.0
336.0
172.0
400.0
48.0
100.0
12.0
400.0
400.0
400.0
400.0
4.0
400.0
78.0
84.0
16.0
92.0
40.0
120.0
66.0
194.0
88.0
156.0
38.0
6.0
110.0
166.0
158.0
138.0
84.0
2.0
400.0
270.0
108.0
4.0
184.0
400.0
262.0
400.0
30.0
2.0
82.0
32.0
314.0
400.0
400.0
342.0
216.0
24.0
40.0
36.0
142.0
216.0
210.0
16.0
36.0
46.0
400.0
2.0
48.0
4.0
24.0
24.0
4.0
38.0
214.0
4.0
174.0
90.0
96.0
62.0
80.0
94.0
54.0
400.0
142.0
52.0
400.0
400.0
22.0
344.0
400.0
108.0
286.0
400.0
220.0
26.0
400.0
134.0
124.0
172.0
78.0
66.0
34.0
400.0
84.0
72.0
108.0
96.0
78.0
272.0
46.0
98.0
26.0
400.0
116.0
172.0
60.0
212.0
102.0
400.0
60.0
400.0
130.0
70.0
400.0
400.0
400.0
156.0
140.0
82.0
238.0
22.0
26.0
400.0
24.0
400.0
48.0
156.0
400.0
120.0
4.0
2.0
2.0
400.0
126.0
44.0
58.0
400.0
400.0
400.0
400.0
14.0
400.0
6.0
400.0
400.0
400.0
282.0
400.0
96.0
248.0
62.0
146.0
400.0
48.0
400.0
210.0
110.0
400.0
400.0
266.0
252.0
194.0
86.0
108.0
12.0
400.0
312.0
214.0
400.0
400.0
302.0
400.0
188.0
68.0
58.0
122.0
400.0
158.0
400.0
108.0
140.0
58.0
122.0
400.0
338.0
72.0
14.0
400.0
400.0
38.0
400.0
400.0
400.0
400.0
400.0
232.0
400.0
206.0
194.0
134.0
46.0
2.0
130.0
14.0
128.0
80.0
88.0
324.0
36.0
46.0
150.0
118.0
4.0
138.0
170.0
224.0
222.0
400.0
110.0
400.0
400.0
400.0
104.0
300.0
400.0
400.0
400.0
56.0
400.0
