400.0
113.0
5.0
400.0
400.0
73.0
400.0
17.0
129.0
129.0
400.0
5.0
313.0
69.0
301.0
400.0
321.0
400.0
245.0
101.0
400.0
29.0
400.0
400.0
400.0
400.0
85.0
400.0
249.0
400.0
400.0
400.0
400.0
400.0
400.0
400.0
161.0
400.0
400.0
400.0
400.0
400.0
400.0
400.0
400.0
13.0
5.0
177.0
21.0
400.0
1.0
400.0
33.0
265.0
1.0
93.0
400.0
400.0
400.0
49.0
137.0
237.0
41.0
61.0
400.0
400.0
117.0
313.0
49.0
1.0
400.0
400.0
157.0
5.0
125.0
400.0
81.0
121.0
400.0
5.0
5.0
97.0
400.0
400.0
400.0
217.0
141.0
400.0
217.0
400.0
325.0
400.0
169.0
365.0
400.0
400.0
345.0
5.0
49.0
5.0
69.0
25.0
5.0
37.0
400.0
5.0
400.0
400.0
365.0
249.0
400.0
53.0
269.0
400.0
400.0
400.0
400.0
400.0
400.0
361.0
400.0
249.0
221.0
400.0
321.0
237.0
185.0
400.0
13.0
400.0
113.0
185.0
400.0
165.0
137.0
73.0
261.0
53.0
400.0
400.0
400.0
313.0
400.0
400.0
157.0
289.0
301.0
400.0
121.0
21.0
201.0
400.0
400.0
125.0
400.0
400.0
400.0
125.0
57.0
217.0
297.0
400.0
400.0
400.0
241.0
400.0
400.0
400.0
297.0
400.0
5.0
5.0
1.0
137.0
121.0
400.0
197.0
400.0
400.0
400.0
400.0
45.0
109.0
400.0
13.0
400.0
177.0
237.0
400.0
400.0
169.0
89.0
297.0
400.0
241.0
400.0
400.0
53.0
400.0
400.0
400.0
400.0
400.0
400.0
400.0
81.0
400.0
400.0
189.0
400.0
185.0
400.0
81.0
225.0
21.0
400.0
400.0
400.0
85.0
400.0
400.0
221.0
89.0
321.0
400.0
400.0
77.0
13.0
400.0
49.0
400.0
400.0
137.0
249.0
400.0
400.0
400.0
400.0
400.0
400.0
400.0
400.0
400.0
400.0
400.0
229.0
153.0
169.0
177.0
105.0
181.0
400.0
57.0
400.0
205.0
400.0
400.0
400.0
400.0
233.0
400.0
173.0
400.0
400.0
400.0
73.0
400.0
400.0
400.0
400.0
