6
92
400
288
400
18
28
218
44
46
400
198
20
18
62
400
8
84
36
4
92
30
114
4
60
178
332
376
42
2
34
400
50
28
106
8
12
400
74
400
400
174
306
92
26
30
218
72
400
24
282
10
340
40
46
400
400
46
42
20
88
6
400
400
400
8
400
274
202
332
26
346
288
400
10
400
118
400
30
400
400
400
400
2
124
28
54
18
400
186
74
60
26
8
42
58
4
88
28
202
18
2
54
400
116
148
64
6
82
38
26
14
152
22
294
198
10
20
400
400
6
92
108
74
38
74
8
70
400
2
214
340
38
26
400
400
400
76
400
14
184
306
46
38
12
24
400
400
6
128
400
400
400
24
400
400
400
260
10
194
2
400
20
52
228
400
76
80
46
224
28
34
400
6
400
108
60
330
94
40
42
34
184
34
164
46
244
400
56
400
182
50
400
400
144
278
118
400
138
158
6
12
20
2
400
290
52
28
4
400
26
400
2
400
84
364
4
52
4
14
400
98
62
400
160
18
324
22
400
400
60
258
18
88
400
2
10
96
38
206
400
34
2
400
400
4
400
400
144
42
46
38
34
52
306
290
296
196
268
132
162
32
140
56
400
4
4
300
10
400
66
400
18
400
400
230
260
2
2
32
62
18
82
228
170
4
146
88
20
400
152
48
76
124
240
322
24
134
72
62
24
32
18
30
400
30
110
400
146
36
2
28
78
210
20
16
4
2
14
34
180
400
400
158
42
116
4
8
14
14
82
66
134
400
64
42
288
228
40
92
244
4
2
136
26
2
100
18
190
10
8
150
20
24
14
144
14
2
14
42
156
26
22
20
72
64
120
24
64
28
104
194
320
400
400
2
40
128
400
316
22
110
10
8
12
66
112
26
18
24
400
2
176
14
100
292
104
400
2
52
52
278
34
400
14
66
50
24
4
94
400
288
400
20
54
40
42
6
12
188
400
2
400
180
12
296
30
98
54
6
400
400
134
4
400
400
24
8
16
400
400
14
6
172
36
14
28
282
400
8
8
8
400
8
28
8
400
62
10
400
6
146
400
292
18
32
18
24
94
400
156
6
14
194
20
10
58
12
46
20
8
18
10
14
62
400
16
20
300
6
400
400
12
14
110
116
36
36
32
206
172
80
276
400
50
12
76
10
30
20
18
12
8
16
8
298
400
34
22
12
152
26
4
4
96
66
210
6
400
400
312
18
92
400
400
36
162
54
16
138
18
2
10
214
16
16
400
76
20
96
400
36
38
400
400
8
80
198
48
48
6
400
50
118
146
74
22
226
10
400
46
36
20
400
34
128
400
4
38
4
400
230
18
92
2
94
226
28
24
320
18
400
4
30
112
280
400
400
26
22
34
400
84
192
42
58
74
16
244
400
22
20
48
14
76
400
400
36
152
64
336
400
400
28
8
172
42
66
400
22
4
8
252
294
400
400
400
96
30
16
98
400
8
20
40
154
16
22
400
28
8
2
400
58
164
30
22
18
18
314
34
4
60
104
46
114
28
328
66
328
82
14
400
12
64
222
2
26
34
252
88
16
400
20
18
34
198
14
144
400
10
88
12
72
10
126
400
78
26
16
252
30
128
48
106
32
66
52
400
64
244
32
28
28
156
400
2
46
202
38
2
22
206
400
42
400
38
350
126
24
42
400
66
22
80
78
170
40
400
34
62
34
188
400
2
144
46
108
18
324
158
400
400
228
400
2
114
20
296
28
364
400
22
36
20
62
400
400
130
286
102
70
46
140
400
166
16
40
2
100
206
30
38
18
400
2
128
104
18
30
2
26
34
12
24
8
226
14
62
32
30
4
400
400
400
400
2
4
400
8
10
28
2
30
400
400
10
42
24
56
4
40
18
30
50
68
44
30
42
118
78
4
110
260
132
38
90
18
26
338
16
22
90
30
2
114
144
198
288
186
400
32
68
20
36
36
20
400
22
24
12
400
50
286
14
190
142
400
340
10
90
36
400
16
38
24
102
400
72
400
2
400
56
400
38
316
44
30
148
12
38
14
274
400
64
16
32
400
400
400
18
54
134
16
4
44
60
400
400
64
400
46
42
400
6
400
2
304
42
182
54
70
62
64
210
8
48
10
2
400
30
50
400
2
72
50
40
2
400
24
26
28
40
32
400
94
32
400
300
36
224
38
24
64
2
400
400
400
170
214
56
58
268
400
10
58
400
10
400
52
48
44
110
16
20
174
28
6
400
106
400
126
16
102
400
52
2
308
68
96
30
36
400
344
400
132
30
28
8
50
22
16
10
30
348
2
22
82
64
160
44
400
8
22
204
60
2
340
92
102
162
26
2
306
6
44
18
26
28
4
142
272
12
346
80
134
14
322
22
40
42
48
70
114
270
42
400
400
6
24
12
400
82
124
78
48
400
324
52
34
400
400
400
16
400
174
400
14
400
300
18
86
28
184
48
6
26
132
230
154
2
142
20
2
4
124
58
120
400
26
26
24
400
132
188
140
42
126
24
64
80
4
4
400
42
400
260
2
400
400
14
264
94
12
84
42
48
328
156
6
360
4
28
130
24
2
2
82
400
114
2
330
60
180
90
224
266
10
26
12
128
72
256
24
2
52
2
124
32
94
340
2
34
12
62
56
22
16
92
10
2
54
400
400
86
34
92
22
220
22
22
400
400
400
128
12
58
112
2
348
38
10
330
254
28
342
328
14
6
78
20
78
132
84
4
84
400
16
2
276
234
18
178
400
102
400
6
164
40
66
6
122
56
400
30
400
254
34
114
18
46
8
2
118
62
238
18
2
152
24
38
192
244
400
400
14
16
150
44
364
166
400
42
44
210
94
292
14
400
400
14
204
38
94
400
12
248
290
156
68
110
198
400
38
122
12
52
46
116
2
400
22
276
324
16
180
4
42
400
16
28
400
100
224
64
4
126
332
4
350
400
50
80
400
154
400
38
400
400
280
30
400
30
400
400
66
136
400
400
400
12
298
94
400
106
56
400
400
400
118
400
22
168
24
74
172
88
108
10
168
400
58
134
114
112
140
26
364
42
400
400
400
250
262
138
400
22
348
340
78
348
214
72
400
78
168
72
400
168
12
400
400
400
144
8
72
400
48
280
102
10
144
2
244
88
400
8
400
18
10
328
14
76
216
14
12
400
122
172
18
4
400
6
400
274
170
104
304
12
400
6
400
14
2
4
2
400
12
400
148
196
400
138
48
18
52
8
158
84
16
156
290
400
134
2
10
160
6
10
78
14
400
194
400
66
400
70
20
400
400
12
66
294
356
44
190
26
30
400
48
400
358
400
316
400
42
172
206
26
20
18
16
24
366
2
166
400
400
114
16
400
74
184
256
400
268
400
42
156
28
30
118
46
400
116
14
6
36
270
76
8
10
102
50
110
400
112
14
30
30
400
44
2
238
400
6
238
46
308
400
400
18
4
20
12
140
92
244
170
400
74
24
66
400
400
28
12
2
6
400
6
308
62
136
256
46
4
22
24
40
8
120
166
224
34
400
28
92
298
36
128
4
138
56
400
12
272
58
264
30
400
106
30
14
164
4
32
174
400
22
400
400
16
228
400
78
2
68
400
144
30
40
22
156
400
90
10
86
76
30
34
216
400
310
400
26
8
12
2
280
110
400
2
400
118
22
400
400
118
400
400
132
10
28
8
20
26
76
322
24
14
164
400
64
182
400
18
400
56
400
56
28
12
100
2
14
330
100
338
348
16
30
400
400
366
28
78
10
14
400
222
22
96
400
222
400
102
400
150
180
64
400
140
400
400
2
36
56
194
26
400
34
90
400
400
400
48
2
140
400
320
22
48
54
352
14
400
400
12
158
300
78
400
208
400
158
20
156
66
20
230
400
48
400
400
400
26
36
400
400
102
140
14
24
18
28
302
2
194
12
208
400
400
52
166
24
66
400
50
400
96
166
54
86
2
2
10
66
26
134
96
126
30
108
14
60
26
54
52
190
180
132
400
400
314
24
400
64
72
10
4
366
400
94
56
10
400
136
16
208
284
28
400
400
72
76
24
20
30
34
84
400
400
14
90
400
194
154
400
190
48
400
36
58
26
400
166
16
20
162
136
148
400
400
146
400
304
80
86
298
400
162
32
98
14
10
400
40
80
64
16
212
400
32
400
198
8
400
38
400
356
350
14
60
6
400
36
240
20
10
400
16
44
54
28
272
136
188
400
148
20
400
34
38
298
344
124
