9.0
400.0
261.0
400.0
400.0
69.0
13.0
65.0
400.0
400.0
400.0
29.0
57.0
157.0
400.0
400.0
9.0
325.0
400.0
1.0
29.0
277.0
149.0
5.0
49.0
400.0
400.0
89.0
305.0
1.0
85.0
9.0
53.0
77.0
105.0
400.0
109.0
400.0
400.0
365.0
400.0
400.0
157.0
400.0
57.0
77.0
400.0
400.0
400.0
25.0
321.0
400.0
169.0
400.0
400.0
289.0
400.0
85.0
57.0
400.0
165.0
297.0
400.0
273.0
13.0
400.0
400.0
400.0
400.0
400.0
400.0
269.0
400.0
400.0
400.0
400.0
400.0
73.0
17.0
193.0
400.0
400.0
197.0
5.0
377.0
41.0
400.0
400.0
205.0
297.0
177.0
400.0
137.0
45.0
400.0
400.0
65.0
400.0
193.0
161.0
21.0
1.0
400.0
400.0
329.0
89.0
400.0
229.0
400.0
400.0
233.0
13.0
49.0
189.0
400.0
349.0
349.0
400.0
400.0
293.0
165.0
77.0
400.0
197.0
181.0
400.0
17.0
400.0
400.0
5.0
313.0
157.0
400.0
400.0
165.0
400.0
325.0
353.0
333.0
400.0
400.0
400.0
1.0
57.0
13.0
25.0
400.0
213.0
277.0
400.0
400.0
400.0
400.0
37.0
400.0
61.0
400.0
400.0
29.0
400.0
1.0
400.0
65.0
281.0
400.0
400.0
81.0
400.0
117.0
25.0
245.0
81.0
400.0
400.0
400.0
400.0
400.0
293.0
61.0
400.0
113.0
400.0
361.0
400.0
400.0
400.0
400.0
205.0
400.0
17.0
181.0
193.0
297.0
400.0
201.0
269.0
400.0
400.0
400.0
400.0
301.0
400.0
400.0
5.0
400.0
400.0
61.0
400.0
5.0
400.0
21.0
400.0
1.0
400.0
400.0
400.0
5.0
400.0
173.0
400.0
181.0
201.0
265.0
400.0
400.0
400.0
321.0
81.0
281.0
400.0
21.0
85.0
400.0
93.0
400.0
5.0
37.0
400.0
400.0
161.0
33.0
400.0
5.0
400.0
141.0
5.0
400.0
189.0
153.0
281.0
400.0
400.0
129.0
400.0
400.0
400.0
400.0
400.0
400.0
400.0
400.0
33.0
400.0
400.0
400.0
400.0
73.0
400.0
25.0
400.0
17.0
400.0
1.0
400.0
269.0
205.0
97.0
5.0
5.0
309.0
400.0
209.0
265.0
400.0
400.0
400.0
149.0
400.0
21.0
400.0
400.0
49.0
400.0
400.0
245.0
145.0
185.0
400.0
193.0
65.0
400.0
400.0
400.0
33.0
400.0
29.0
400.0
21.0
400.0
37.0
5.0
29.0
400.0
37.0
13.0
149.0
5.0
1.0
41.0
85.0
400.0
400.0
257.0
400.0
400.0
81.0
5.0
400.0
61.0
400.0
145.0
145.0
400.0
157.0
400.0
53.0
185.0
21.0
400.0
400.0
161.0
5.0
400.0
61.0
45.0
5.0
233.0
29.0
400.0
141.0
9.0
157.0
53.0
25.0
25.0
109.0
400.0
1.0
400.0
85.0
400.0
117.0
33.0
400.0
41.0
349.0
400.0
29.0
400.0
400.0
400.0
141.0
17.0
400.0
97.0
13.0
400.0
157.0
400.0
400.0
400.0
153.0
89.0
9.0
37.0
65.0
400.0
25.0
17.0
21.0
400.0
1.0
213.0
400.0
400.0
361.0
141.0
137.0
5.0
400.0
400.0
189.0
37.0
65.0
21.0
400.0
400.0
400.0
5.0
97.0
400.0
193.0
400.0
400.0
21.0
125.0
121.0
9.0
13.0
400.0
400.0
5.0
89.0
400.0
5.0
293.0
209.0
253.0
69.0
400.0
177.0
400.0
400.0
13.0
400.0
400.0
161.0
400.0
400.0
400.0
400.0
1.0
85.0
173.0
45.0
21.0
137.0
37.0
400.0
157.0
400.0
9.0
400.0
21.0
29.0
9.0
113.0
400.0
29.0
213.0
9.0
329.0
400.0
400.0
400.0
400.0
249.0
165.0
33.0
13.0
325.0
205.0
205.0
400.0
400.0
9.0
221.0
400.0
25.0
400.0
73.0
400.0
400.0
400.0
185.0
400.0
13.0
29.0
400.0
9.0
400.0
400.0
165.0
33.0
77.0
400.0
73.0
241.0
400.0
400.0
321.0
400.0
400.0
41.0
400.0
53.0
400.0
400.0
33.0
400.0
400.0
13.0
9.0
400.0
237.0
400.0
173.0
400.0
5.0
245.0
400.0
29.0
49.0
5.0
37.0
337.0
400.0
5.0
400.0
400.0
400.0
45.0
205.0
400.0
53.0
400.0
185.0
313.0
169.0
400.0
65.0
5.0
13.0
400.0
17.0
400.0
400.0
400.0
400.0
289.0
29.0
17.0
41.0
229.0
400.0
9.0
400.0
400.0
400.0
400.0
5.0
400.0
400.0
400.0
400.0
400.0
25.0
400.0
249.0
33.0
400.0
400.0
321.0
400.0
400.0
400.0
400.0
5.0
37.0
9.0
257.0
400.0
321.0
193.0
1.0
400.0
400.0
25.0
400.0
400.0
400.0
400.0
41.0
29.0
400.0
400.0
181.0
400.0
41.0
400.0
169.0
400.0
400.0
400.0
281.0
93.0
400.0
17.0
400.0
400.0
129.0
137.0
201.0
400.0
173.0
400.0
400.0
400.0
400.0
400.0
400.0
57.0
169.0
177.0
29.0
345.0
349.0
400.0
400.0
49.0
400.0
9.0
400.0
400.0
400.0
400.0
400.0
400.0
400.0
45.0
400.0
400.0
13.0
400.0
400.0
400.0
165.0
25.0
400.0
41.0
105.0
121.0
400.0
165.0
400.0
37.0
61.0
145.0
53.0
400.0
400.0
5.0
13.0
400.0
241.0
400.0
5.0
101.0
400.0
373.0
85.0
400.0
317.0
77.0
45.0
400.0
5.0
400.0
400.0
400.0
400.0
400.0
400.0
193.0
400.0
197.0
400.0
400.0
400.0
400.0
81.0
400.0
53.0
400.0
185.0
189.0
109.0
400.0
25.0
400.0
400.0
400.0
45.0
237.0
400.0
33.0
101.0
400.0
400.0
65.0
400.0
153.0
29.0
29.0
400.0
400.0
1.0
400.0
133.0
400.0
5.0
21.0
69.0
400.0
400.0
233.0
400.0
353.0
65.0
25.0
400.0
345.0
137.0
25.0
101.0
400.0
400.0
121.0
400.0
400.0
81.0
400.0
400.0
400.0
1.0
29.0
400.0
329.0
285.0
400.0
305.0
400.0
400.0
400.0
400.0
17.0
400.0
21.0
93.0
400.0
400.0
400.0
400.0
77.0
21.0
400.0
237.0
9.0
29.0
400.0
125.0
400.0
400.0
21.0
400.0
41.0
400.0
273.0
1.0
400.0
400.0
29.0
37.0
33.0
61.0
1.0
297.0
105.0
21.0
49.0
5.0
400.0
117.0
13.0
400.0
9.0
400.0
17.0
400.0
77.0
45.0
5.0
269.0
400.0
400.0
400.0
5.0
5.0
400.0
9.0
33.0
29.0
105.0
181.0
400.0
400.0
13.0
400.0
400.0
400.0
129.0
21.0
400.0
29.0
400.0
400.0
345.0
29.0
400.0
137.0
400.0
9.0
400.0
69.0
205.0
109.0
149.0
400.0
5.0
217.0
189.0
137.0
101.0
400.0
5.0
229.0
400.0
400.0
77.0
309.0
400.0
57.0
400.0
21.0
400.0
101.0
89.0
400.0
25.0
285.0
400.0
400.0
400.0
400.0
25.0
400.0
17.0
169.0
113.0
13.0
93.0
201.0
400.0
77.0
73.0
33.0
400.0
400.0
285.0
161.0
5.0
400.0
400.0
400.0
5.0
400.0
400.0
89.0
241.0
400.0
81.0
17.0
325.0
217.0
81.0
400.0
33.0
400.0
400.0
400.0
61.0
93.0
400.0
17.0
5.0
400.0
400.0
361.0
173.0
65.0
400.0
400.0
400.0
400.0
400.0
400.0
269.0
101.0
49.0
189.0
309.0
301.0
400.0
37.0
400.0
237.0
237.0
21.0
233.0
400.0
400.0
400.0
400.0
400.0
400.0
400.0
400.0
9.0
400.0
77.0
25.0
400.0
253.0
13.0
153.0
400.0
65.0
305.0
97.0
400.0
400.0
21.0
400.0
400.0
5.0
237.0
400.0
400.0
169.0
400.0
77.0
400.0
337.0
400.0
400.0
400.0
400.0
400.0
400.0
400.0
400.0
400.0
249.0
73.0
17.0
400.0
229.0
17.0
400.0
400.0
400.0
400.0
17.0
101.0
400.0
117.0
1.0
400.0
165.0
233.0
400.0
161.0
357.0
201.0
400.0
400.0
169.0
29.0
341.0
400.0
25.0
400.0
13.0
117.0
400.0
400.0
81.0
400.0
400.0
400.0
400.0
273.0
400.0
121.0
400.0
181.0
5.0
400.0
65.0
400.0
400.0
29.0
5.0
193.0
400.0
400.0
17.0
400.0
400.0
400.0
309.0
400.0
17.0
293.0
400.0
400.0
17.0
400.0
29.0
400.0
400.0
149.0
400.0
400.0
400.0
33.0
400.0
400.0
17.0
25.0
400.0
237.0
400.0
400.0
89.0
49.0
400.0
400.0
289.0
41.0
400.0
400.0
400.0
21.0
349.0
357.0
400.0
77.0
45.0
253.0
400.0
400.0
400.0
400.0
49.0
5.0
400.0
400.0
400.0
85.0
1.0
141.0
21.0
5.0
1.0
13.0
400.0
13.0
189.0
81.0
49.0
25.0
1.0
285.0
25.0
1.0
400.0
117.0
400.0
65.0
117.0
5.0
17.0
353.0
400.0
400.0
400.0
93.0
400.0
400.0
25.0
125.0
400.0
13.0
400.0
93.0
17.0
77.0
400.0
9.0
133.0
5.0
121.0
237.0
57.0
5.0
5.0
400.0
400.0
400.0
5.0
400.0
273.0
400.0
400.0
125.0
209.0
41.0
237.0
13.0
17.0
41.0
273.0
173.0
1.0
221.0
1.0
400.0
25.0
29.0
209.0
400.0
173.0
93.0
109.0
53.0
85.0
65.0
289.0
5.0
1.0
273.0
117.0
400.0
400.0
400.0
400.0
193.0
53.0
21.0
81.0
273.0
365.0
400.0
81.0
21.0
249.0
400.0
5.0
97.0
13.0
13.0
81.0
400.0
400.0
137.0
17.0
13.0
205.0
261.0
69.0
117.0
77.0
400.0
1.0
400.0
49.0
149.0
5.0
317.0
400.0
197.0
41.0
197.0
65.0
253.0
57.0
265.0
69.0
165.0
5.0
400.0
45.0
341.0
333.0
297.0
201.0
29.0
400.0
305.0
400.0
5.0
1.0
400.0
245.0
400.0
105.0
5.0
141.0
13.0
97.0
400.0
237.0
400.0
349.0
13.0
57.0
400.0
249.0
400.0
17.0
400.0
129.0
45.0
233.0
400.0
317.0
400.0
400.0
400.0
9.0
145.0
21.0
125.0
400.0
13.0
65.0
400.0
400.0
21.0
241.0
400.0
400.0
197.0
400.0
189.0
165.0
400.0
400.0
1.0
400.0
145.0
41.0
400.0
400.0
400.0
5.0
273.0
400.0
400.0
400.0
125.0
77.0
269.0
400.0
5.0
69.0
301.0
5.0
400.0
400.0
1.0
317.0
193.0
400.0
321.0
81.0
400.0
245.0
400.0
400.0
400.0
69.0
73.0
73.0
400.0
197.0
73.0
197.0
133.0
181.0
209.0
117.0
37.0
400.0
45.0
400.0
400.0
57.0
241.0
45.0
41.0
77.0
400.0
400.0
313.0
89.0
400.0
9.0
400.0
400.0
85.0
261.0
400.0
400.0
85.0
165.0
400.0
400.0
205.0
1.0
400.0
400.0
161.0
97.0
353.0
73.0
400.0
313.0
145.0
321.0
400.0
165.0
400.0
233.0
400.0
245.0
400.0
400.0
13.0
400.0
400.0
153.0
400.0
9.0
193.0
400.0
400.0
400.0
400.0
133.0
333.0
29.0
301.0
400.0
400.0
21.0
400.0
400.0
400.0
400.0
13.0
400.0
73.0
225.0
37.0
400.0
301.0
400.0
400.0
197.0
353.0
13.0
65.0
400.0
209.0
101.0
333.0
41.0
73.0
400.0
257.0
17.0
1.0
9.0
1.0
173.0
17.0
400.0
400.0
177.0
369.0
400.0
69.0
77.0
53.0
9.0
181.0
85.0
313.0
400.0
85.0
400.0
37.0
5.0
237.0
400.0
9.0
101.0
5.0
400.0
1.0
257.0
81.0
61.0
281.0
400.0
165.0
400.0
400.0
400.0
45.0
400.0
400.0
49.0
400.0
37.0
17.0
400.0
109.0
400.0
113.0
277.0
400.0
185.0
141.0
281.0
321.0
400.0
17.0
201.0
400.0
321.0
197.0
1.0
145.0
237.0
1.0
400.0
217.0
400.0
400.0
173.0
400.0
400.0
269.0
13.0
400.0
57.0
400.0
137.0
400.0
400.0
245.0
400.0
21.0
121.0
201.0
325.0
400.0
153.0
269.0
61.0
400.0
1.0
17.0
400.0
253.0
193.0
253.0
185.0
29.0
400.0
400.0
400.0
65.0
400.0
313.0
301.0
400.0
185.0
400.0
400.0
400.0
400.0
400.0
400.0
400.0
13.0
400.0
89.0
400.0
49.0
400.0
45.0
309.0
400.0
1.0
1.0
349.0
400.0
400.0
400.0
141.0
229.0
57.0
17.0
237.0
400.0
400.0
121.0
205.0
173.0
57.0
129.0
400.0
400.0
400.0
400.0
73.0
165.0
5.0
249.0
25.0
261.0
13.0
265.0
400.0
169.0
400.0
400.0
37.0
400.0
141.0
133.0
9.0
400.0
400.0
13.0
181.0
237.0
245.0
297.0
400.0
400.0
61.0
5.0
73.0
400.0
5.0
33.0
125.0
21.0
400.0
400.0
400.0
69.0
89.0
400.0
400.0
400.0
400.0
400.0
400.0
400.0
5.0
9.0
13.0
400.0
400.0
400.0
241.0
29.0
9.0
400.0
289.0
400.0
400.0
400.0
25.0
400.0
165.0
400.0
400.0
400.0
400.0
57.0
400.0
277.0
400.0
49.0
249.0
400.0
400.0
400.0
137.0
89.0
400.0
400.0
400.0
29.0
37.0
13.0
129.0
1.0
249.0
400.0
400.0
217.0
165.0
400.0
400.0
400.0
400.0
400.0
189.0
29.0
400.0
400.0
49.0
400.0
400.0
309.0
45.0
400.0
101.0
400.0
57.0
17.0
400.0
400.0
400.0
141.0
400.0
400.0
5.0
301.0
400.0
89.0
400.0
69.0
1.0
400.0
400.0
201.0
400.0
61.0
1.0
400.0
105.0
400.0
400.0
400.0
265.0
400.0
97.0
133.0
400.0
41.0
400.0
400.0
77.0
400.0
197.0
400.0
400.0
400.0
400.0
400.0
400.0
400.0
400.0
400.0
400.0
400.0
400.0
177.0
37.0
400.0
400.0
400.0
400.0
400.0
400.0
13.0
400.0
177.0
400.0
400.0
400.0
400.0
349.0
113.0
400.0
117.0
21.0
400.0
400.0
113.0
400.0
400.0
400.0
400.0
173.0
400.0
5.0
37.0
257.0
209.0
400.0
85.0
400.0
400.0
241.0
149.0
400.0
400.0
400.0
400.0
245.0
221.0
400.0
81.0
400.0
400.0
25.0
400.0
400.0
400.0
400.0
400.0
265.0
400.0
400.0
400.0
17.0
165.0
400.0
400.0
400.0
400.0
73.0
400.0
185.0
400.0
285.0
17.0
400.0
400.0
400.0
373.0
400.0
400.0
57.0
65.0
253.0
400.0
65.0
400.0
400.0
309.0
400.0
400.0
57.0
101.0
400.0
69.0
400.0
400.0
341.0
400.0
257.0
17.0
400.0
173.0
205.0
400.0
109.0
400.0
293.0
400.0
249.0
57.0
400.0
133.0
400.0
400.0
41.0
97.0
400.0
21.0
273.0
400.0
400.0
400.0
400.0
400.0
353.0
400.0
333.0
400.0
400.0
400.0
400.0
9.0
400.0
400.0
400.0
400.0
400.0
400.0
17.0
177.0
400.0
17.0
277.0
77.0
400.0
189.0
233.0
133.0
400.0
169.0
237.0
400.0
101.0
209.0
