9
55
38
98
30
29
7
98
24
8
83
37
4
98
9
57
3
6
47
98
66
59
68
20
38
1
3
22
7
96
98
16
13
17
42
98
7
34
4
98
53
10
13
4
42
15
12
98
21
90
5
3
5
18
15
19
17
22
48
9
13
22
98
25
6
8
18
30
4
9
31
1
17
4
98
11
2
15
36
11
21
43
43
5
15
28
4
92
26
2
98
6
98
16
6
6
17
86
98
98
51
47
98
6
2
98
98
5
46
98
31
44
4
98
9
98
1
13
3
20
16
44
8
6
14
16
71
98
7
14
64
27
34
18
98
40
3
10
2
8
23
26
54
48
42
33
98
4
4
98
13
84
3
7
98
14
3
1
7
98
98
16
4
14
93
98
15
98
98
15
27
10
5
4
98
71
2
4
9
35
18
98
17
22
98
25
19
25
58
18
18
15
11
25
9
98
5
49
98
33
6
7
7
8
30
31
98
52
98
12
8
13
98
1
48
64
44
41
98
7
24
91
22
98
21
52
98
6
98
98
95
14
2
21
3
98
1
68
41
22
6
98
56
3
3
98
98
3
98
27
34
98
7
98
98
62
98
98
20
98
98
98
59
2
98
17
13
98
11
2
14
7
98
37
55
11
98
21
15
87
37
98
1
98
28
98
56
40
2
98
81
21
21
43
18
5
98
98
97
98
35
31
98
5
98
15
7
98
43
8
98
42
16
33
98
8
56
28
98
2
25
98
13
55
59
2
98
33
52
98
98
98
44
90
11
38
98
37
41
14
23
98
6
98
98
98
26
98
57
98
19
19
6
36
5
32
3
36
68
1
9
98
12
39
3
7
38
18
92
20
62
22
14
53
17
98
23
4
15
98
17
4
49
98
12
98
16
50
76
18
3
98
29
98
93
47
24
12
98
98
82
46
5
6
98
17
98
4
35
98
70
6
98
98
98
98
27
4
98
50
98
55
12
98
2
18
62
98
66
98
16
5
38
98
26
98
17
2
23
19
98
98
22
98
9
98
10
98
8
65
4
2
13
13
30
9
98
16
98
37
66
2
19
4
56
30
3
30
98
4
2
45
98
98
42
5
48
48
17
15
8
9
3
98
24
98
8
12
6
98
68
98
3
30
14
26
37
28
77
95
98
1
15
20
2
26
33
98
90
11
60
37
2
1
1
4
98
13
3
6
20
9
98
1
27
25
98
98
98
37
14
98
98
5
6
46
2
1
18
56
15
27
98
56
67
27
13
95
59
33
55
98
20
8
2
29
29
98
40
98
32
23
18
98
94
98
98
86
98
31
19
5
98
44
98
98
27
62
6
98
35
12
85
48
71
57
5
20
14
2
14
7
30
61
98
24
20
12
15
33
43
98
88
98
33
12
18
68
30
98
98
18
86
98
55
76
6
98
98
30
95
27
98
21
98
5
22
98
25
64
98
8
3
2
60
98
10
3
40
4
30
17
57
11
20
98
30
27
28
22
12
98
55
10
2
20
92
10
58
41
71
3
55
27
98
13
98
9
15
98
11
25
22
14
23
33
36
98
15
6
20
4
11
14
27
15
98
40
33
14
31
98
3
4
25
12
12
13
21
97
4
83
79
92
2
15
12
98
29
98
12
98
27
2
6
98
98
10
4
41
85
9
24
98
5
98
30
10
98
3
3
17
95
18
46
19
44
98
6
6
12
75
98
16
7
11
98
33
98
22
45
1
85
8
20
43
85
2
7
45
7
7
2
34
98
15
98
48
14
3
29
72
27
42
19
53
98
1
98
86
1
20
2
26
34
98
20
44
10
10
70
10
49
2
5
74
89
22
24
18
15
16
98
6
40
30
18
15
4
8
28
22
98
25
98
7
11
19
25
98
98
98
5
9
40
36
1
4
97
67
98
98
20
13
98
13
52
5
29
17
98
37
51
98
19
16
6
48
10
48
18
2
98
98
30
9
85
18
14
98
10
18
5
11
12
98
23
16
63
3
3
98
8
11
55
10
9
13
11
13
13
59
98
19
13
2
3
98
25
13
15
3
15
30
6
22
98
26
14
38
36
4
5
12
47
57
98
15
24
13
93
8
5
9
20
24
91
4
47
98
4
8
98
9
98
18
98
58
68
28
14
98
91
96
98
98
26
4
5
98
20
4
4
16
2
11
21
9
6
83
98
26
16
6
36
60
98
1
9
32
34
5
6
24
98
25
98
98
22
98
2
16
98
10
15
59
1
1
10
5
6
98
3
98
13
82
9
13
21
98
98
2
20
98
11
0
40
41
41
14
2
54
4
15
8
26
43
1
10
4
34
4
6
5
98
4
7
34
2
98
32
50
11
0
4
20
15
9
2
10
98
98
7
4
47
27
6
3
2
5
7
13
95
98
19
42
40
43
2
61
5
32
21
98
98
80
1
35
30
98
6
10
4
98
98
98
31
1
98
14
49
98
16
20
3
4
46
19
23
16
22
49
8
98
26
2
98
44
11
98
57
98
60
34
28
39
90
98
23
98
57
13
98
3
98
71
9
98
29
22
98
8
24
14
55
4
10
18
98
20
36
98
73
7
13
10
45
3
79
10
14
98
3
98
14
4
2
15
2
50
53
9
26
98
59
8
8
21
51
2
78
49
2
98
1
31
4
98
2
72
24
98
25
97
98
6
3
30
22
98
19
16
2
98
10
16
49
24
11
98
5
2
98
98
30
29
4
22
16
44
6
7
43
48
24
71
3
3
9
3
1
39
24
98
23
18
78
98
21
6
98
30
3
41
94
6
2
98
98
98
36
40
9
70
16
6
98
98
46
98
1
2
25
26
85
98
12
41
98
13
12
1
7
25
16
