11
4
7
2
7
5
13
3
9
5
3
9
8
5
5
11
7
0
4
6
7
6
4
3
6
5
31
8
41
14
1
31
12
3
17
98
7
3
6
13
5
72
3
1
4
36
2
6
20
43
5
15
1
10
6
9
81
5
4
7
33
8
19
6
35
98
15
20
3
16
6
4
98
98
13
98
98
8
7
5
4
3
2
98
3
4
6
8
5
4
20
8
27
14
4
21
44
24
8
16
7
11
98
8
7
3
44
4
6
4
3
98
9
3
13
3
48
0
98
23
10
9
2
3
98
98
21
33
3
11
5
4
5
5
98
98
12
12
2
20
2
5
11
4
8
4
83
47
2
12
4
98
16
4
22
13
9
17
9
12
0
8
4
18
10
98
12
10
38
98
6
27
3
29
2
2
3
8
65
13
98
12
2
98
8
6
98
42
7
92
78
98
3
3
25
6
10
98
3
7
98
98
98
4
98
13
98
9
11
10
3
1
12
4
98
3
7
64
7
6
2
1
98
10
3
36
98
3
10
4
10
2
18
5
2
0
13
7
20
7
4
98
21
2
8
6
16
98
5
98
5
8
8
4
98
10
2
7
3
13
10
30
9
3
2
5
11
9
40
6
9
4
5
20
22
11
6
5
98
68
27
13
16
10
22
27
33
19
16
46
2
12
6
21
6
3
23
98
3
5
5
98
19
8
54
43
4
98
2
2
8
87
98
5
8
6
3
88
88
3
3
15
3
98
98
98
5
12
4
3
5
7
11
11
31
2
4
4
5
17
13
18
21
3
56
98
13
2
98
20
7
36
3
98
32
35
98
49
17
4
2
9
9
5
9
7
5
8
29
49
3
5
8
98
4
25
3
1
7
3
13
6
69
13
98
98
63
5
5
52
13
98
10
7
8
32
4
15
2
98
3
3
5
9
25
98
4
98
20
6
2
2
34
48
7
42
10
98
6
4
10
1
6
6
6
6
4
1
14
98
1
8
76
98
41
12
4
5
12
98
98
1
32
6
19
20
6
27
6
16
8
5
47
98
7
98
98
8
11
3
8
40
20
7
1
10
98
6
25
19
4
8
16
13
27
3
18
98
27
6
4
8
30
98
2
10
5
62
98
3
3
25
10
30
7
6
36
7
98
3
43
11
20
3
1
32
5
7
10
6
9
98
27
4
30
11
43
6
8
6
7
9
6
17
98
6
5
98
6
98
9
24
98
37
1
98
7
4
8
17
10
8
3
7
98
78
79
21
8
3
6
9
11
33
36
53
2
18
4
26
6
98
4
47
43
9
98
23
38
18
53
6
3
15
4
11
98
32
44
7
7
51
98
98
6
98
41
1
10
8
14
14
46
28
6
11
11
98
2
5
98
2
4
13
2
17
6
20
98
98
10
13
28
8
14
10
29
98
50
98
7
40
35
98
6
26
82
11
2
9
98
19
2
78
5
35
54
98
34
6
12
14
98
2
6
21
13
10
5
18
7
14
8
23
6
81
98
14
10
24
26
8
14
98
16
98
3
7
98
19
27
47
20
14
98
6
12
35
98
13
59
4
11
98
4
26
3
2
15
52
5
8
34
86
13
14
14
6
31
63
23
19
37
13
24
13
6
20
8
8
14
6
42
26
27
11
18
98
7
26
14
65
4
83
46
60
14
17
17
8
98
23
6
28
13
7
98
6
14
98
11
29
9
6
98
11
14
6
6
7
62
98
6
9
44
98
3
2
41
2
11
3
12
18
98
98
98
12
14
18
98
98
13
27
21
60
11
1
10
11
3
17
11
9
8
14
10
7
1
98
0
12
6
23
8
13
98
81
3
4
82
19
10
29
6
26
18
16
15
9
41
16
13
98
48
23
5
61
2
98
3
98
4
7
24
21
98
17
7
1
13
98
5
2
11
34
15
8
98
98
11
27
8
98
1
8
11
38
10
10
98
4
24
19
12
6
21
98
98
34
5
7
9
8
4
40
10
47
10
98
98
98
98
5
30
9
3
98
9
6
98
98
26
5
6
98
11
25
2
1
8
15
98
71
23
69
10
22
3
18
39
7
58
8
98
12
8
13
17
10
6
11
98
98
16
22
35
50
1
6
7
6
3
74
7
39
5
16
98
11
98
4
5
11
4
33
16
20
25
33
7
3
9
7
16
7
46
10
98
5
98
7
33
6
98
5
8
13
98
86
39
10
25
98
13
5
44
7
10
13
23
7
22
5
7
5
7
8
11
5
28
98
98
47
5
72
64
98
12
98
46
5
40
6
7
4
8
5
29
98
10
51
7
41
21
3
88
3
10
7
14
8
8
8
44
0
21
11
7
11
18
15
10
27
98
9
12
11
9
23
21
7
17
29
18
37
3
98
4
28
9
98
7
98
74
7
98
20
7
18
21
2
2
6
47
7
98
3
27
22
8
3
15
83
98
98
5
5
27
30
3
21
5
98
15
10
0
29
7
98
3
2
84
6
6
9
98
98
8
98
6
3
40
7
98
29
4
52
5
98
3
5
67
29
3
86
5
87
15
6
2
45
98
7
3
6
98
8
3
2
7
84
3
98
2
2
4
2
58
98
4
6
3
4
1
13
5
22
6
2
4
77
3
6
7
4
26
98
22
11
2
6
28
98
8
4
2
24
9
1
3
2
98
3
32
98
35
4
6
29
20
13
3
51
98
2
5
98
68
98
10
9
10
2
3
2
20
15
81
27
2
30
40
3
5
3
98
98
4
34
98
2
6
3
3
4
39
98
3
40
75
22
5
98
3
3
48
15
21
2
34
2
7
6
6
2
2
47
1
6
4
18
3
2
10
6
9
26
42
10
62
7
4
7
48
12
2
4
2
36
8
25
2
27
98
48
3
51
4
8
18
7
98
7
37
3
3
9
8
6
12
13
33
25
67
11
98
12
89
7
32
21
4
22
20
11
22
49
10
5
21
13
4
18
69
98
15
5
11
42
9
83
20
7
23
26
98
18
98
3
5
4
6
10
10
98
29
24
9
98
8
6
29
8
74
98
8
25
98
9
51
7
98
98
16
9
19
66
12
98
10
98
14
22
27
37
50
8
13
41
36
2
17
12
98
6
25
33
11
98
21
7
15
5
52
8
98
21
8
98
35
58
27
10
22
72
23
71
24
10
4
98
37
6
11
50
22
3
30
10
22
29
7
8
5
21
18
49
6
3
60
6
98
27
6
8
10
3
32
7
98
5
98
6
98
36
2
98
2
9
9
11
9
66
